4356.9783567112  1.305981E-16
4358.98063444598  -2.626919E-17
4360.98291218076  1.414435E-17
4362.98518991554  -3.207027E-17
4364.98746765032  5.223386E-17
4366.9897453851  6.431790E-17
4368.99202311988  -1.035465E-17
4370.99430085466  1.601026E-17
4372.99657858944  -1.694842E-17
4374.99885632422  -7.304332E-17
4377.001134059  4.845419E-17
4379.00341179378  3.689237E-17
4381.00568952856  4.650681E-17
4383.00796726334  1.062061E-16
4385.01024499812  3.581616E-18
4387.0125227329  2.087164E-17
4389.01480046768  5.559965E-17
4391.01707820247  2.200527E-17
4393.01935593725  -1.151082E-17
4395.02163367203  -3.458713E-17
4397.02391140681  3.931925E-17
4399.02618914158  1.733850E-19
4401.02846687637  5.627316E-17
4403.03074461115  2.447500E-17
4405.03302234593  2.006560E-17
4407.03530008071  -3.315453E-17
4409.03757781549  -3.616885E-17
4411.03985555027  1.411917E-16
4413.04213328505  6.131075E-17
4415.04441101983  2.790493E-17
4417.04668875461  3.180499E-17
4419.04896648939  6.660815E-17
4421.05124422417  3.793307E-17
4423.05352195895  -1.549081E-17
4425.05579969373  1.492680E-17
4427.05807742851  5.200103E-17
4429.06035516329  -2.059435E-17
4431.06263289807  6.804611E-18
4433.06491063285  6.503652E-17
4435.06718836763  6.755818E-18
4437.06946610241  -1.998556E-18
4439.07174383719  3.616958E-17
4441.07402157197  6.540867E-17
4443.07629930675  7.352125E-17
4445.07857704153  3.080739E-17
4447.08085477631  -2.884773E-17
4449.08313251109  -4.367586E-18
4451.08541024587  3.286846E-17
4453.08768798065  3.239291E-17
4455.08996571543  5.511668E-17
4457.09224345021  3.886664E-18
4459.094521185  -4.769407E-17
4461.09679891978  -4.477275E-17
4463.09907665456  3.162240E-17
4465.10135438934  -4.926719E-18
4467.10363212412  1.368861E-17
4469.1059098589  -2.264564E-18
4471.10818759368  -3.509069E-18
4473.11046532846  1.319154E-17
4475.11274306324  -2.746988E-18
4477.11502079802  1.103076E-18
4479.1172985328  1.846572E-17
4481.11957626758  3.295318E-17
4483.12185400236  4.120364E-17
4485.12413173714  -9.236189E-19
4487.12640947192  6.952735E-17
4489.1286872067  6.663864E-17
4491.13096494148  4.511777E-17
4493.13324267626  1.621626E-17
4495.13552041104  1.233290E-17
4497.13779814582  6.018331E-17
4499.1400758806  3.407338E-17
4501.14235361538  1.876353E-17
4503.14463135016  6.396870E-18
4505.14690908494  5.607936E-17
4507.14918681972  2.194520E-17
4509.1514645545  -1.014959E-17
4511.15374228928  -8.752162E-18
4513.15602002406  1.956028E-17
4515.15829775884  4.634838E-17
4517.16057549362  1.262770E-17
4519.1628532284  2.094806E-17
4521.16513096319  3.517426E-17
4523.16740869797  3.969484E-17
4525.16968643274  5.190969E-17
4527.17196416753  3.546440E-17
4529.17424190231  -2.175695E-17
4531.17651963709  3.922226E-17
4533.17879737187  4.390734E-17
4535.18107510665  6.211338E-18
4537.18335284143  8.846922E-18
4539.18563057621  9.785169E-17
4541.18790831099  1.052939E-17
4543.19018604577  3.856308E-17
4545.19246378055  2.781054E-17
4547.19474151533  3.865317E-17
4549.19701925011  1.078280E-17
4551.19929698489  -8.827008E-18
4553.20157471967  2.530542E-17
4555.20385245445  -2.136590E-17
4557.20613018923  -1.073736E-17
4559.20840792401  -3.759545E-18
4561.21068565879  6.276148E-17
4563.21296339357  2.188759E-17
4565.21524112835  4.871399E-17
4567.21751886313  1.989029E-17
4569.21979659791  -4.102982E-18
4571.22207433269  2.542134E-18
4573.22435206747  1.152166E-17
4575.22662980225  2.514996E-17
4577.22890753703  2.350232E-17
4579.23118527181  2.542535E-18
4581.23346300659  8.692432E-18
4583.23574074137  5.878629E-17
4585.23801847615  7.224613E-17
4587.24029621093  2.946332E-17
4589.24257394572  1.524774E-17
4591.2448516805  1.672277E-17
4593.24712941528  9.789926E-18
4595.24940715006  -8.747683E-18
4597.25168488484  -1.439544E-17
4599.25396261961  3.147059E-18
4601.2562403544  2.070328E-17
4603.25851808918  4.209843E-17
4605.26079582396  3.137789E-17
4607.26307355874  4.779121E-17
4609.26535129352  2.931798E-17
4611.2676290283  1.077539E-17
4613.26990676308  -3.221748E-17
4615.27218449786  2.521197E-17
4617.27446223264  1.377847E-17
4619.27673996742  1.230621E-17
4621.2790177022  1.960889E-17
4623.28129543698  6.604960E-18
4625.28357317176  9.907409E-18
4627.28585090654  4.307220E-17
4629.28812864132  5.614162E-17
4631.2904063761  1.679249E-17
4633.29268411088  4.454104E-17
4635.29496184566  2.756003E-17
4637.29723958044  4.985390E-17
4639.29951731522  3.231147E-17
4641.30179505  5.942429E-17
4643.30407278478  4.048891E-17
4645.30635051956  3.536375E-17
4647.30862825434  2.894980E-17
4649.31090598912  3.358962E-17
4651.3131837239  8.074208E-18
4653.31546145868  1.557243E-17
4655.31773919346  2.998881E-17
4657.32001692824  3.173955E-17
4659.32229466303  1.426428E-17
4661.32457239781  2.461478E-17
4663.32685013259  -2.888078E-18
4665.32912786736  1.754271E-17
4667.33140560215  8.682099E-18
4669.33368333693  7.149180E-17
4671.33596107171  1.525768E-17
4673.33823880649  -3.397953E-18
4675.34051654127  4.809628E-17
4677.34279427605  4.461137E-17
4679.34507201083  1.426195E-18
4681.34734974561  1.465215E-17
4683.34962748039  -2.225318E-17
4685.35190521517  2.860729E-17
4687.35418294995  2.205513E-17
4689.35646068473  4.202282E-17
4691.35873841951  8.739040E-18
4693.36101615429  3.840398E-17
4695.36329388907  5.526929E-17
4697.36557162385  3.127291E-17
4699.36784935863  3.097002E-17
4701.37012709341  3.408763E-17
4703.37240482819  4.388700E-17
4705.37468256297  8.459196E-17
4707.37696029775  5.468397E-17
4709.37923803253  4.873978E-17
4711.38151576731  7.114126E-17
4713.38379350209  7.273584E-17
4715.38607123687  2.832282E-17
4717.38834897165  2.735523E-17
4719.39062670643  3.983838E-17
4721.39290444122  4.430155E-17
4723.39518217599  3.767603E-17
4725.39745991077  2.225918E-17
4727.39973764556  2.373460E-17
4729.40201538034  3.212218E-17
4731.40429311512  2.656311E-17
4733.4065708499  3.553638E-17
4735.40884858468  5.068617E-17
4737.41112631946  1.672339E-17
4739.41340405424  6.545412E-18
4741.41568178902  3.550914E-17
4743.4179595238  4.883605E-17
4745.42023725858  5.953327E-17
4747.42251499336  3.548633E-17
4749.42479272814  2.029450E-17
4751.42707046292  5.122733E-17
4753.4293481977  3.112162E-17
4755.43162593248  -2.830797E-17
4757.43390366726  1.199764E-17
4759.43618140204  1.262903E-18
4761.43845913682  3.293857E-18
4763.4407368716  2.853231E-17
4765.44301460638  1.187671E-17
4767.44529234116  2.084318E-17
4769.44757007594  2.031233E-17
4771.44984781072  1.880437E-17
4773.4521255455  -3.865319E-18
4775.45440328028  4.011582E-17
4777.45668101506  5.079060E-17
4779.45895874984  1.384009E-17
4781.46123648462  1.945648E-17
4783.4635142194  1.275786E-17
4785.46579195418  2.872261E-18
4787.46806968896  3.000156E-17
4789.47034742375  5.350232E-17
4791.47262515853  2.462189E-17
4793.47490289331  1.423654E-17
4795.47718062809  3.043380E-17
4797.47945836287  1.860140E-17
4799.48173609764  3.916555E-17
4801.48401383243  4.071234E-17
4803.48629156721  6.020189E-17
4805.48856930199  4.135992E-17
4807.49084703677  2.204274E-17
4809.49312477155  4.204272E-17
4811.49540250633  2.990795E-17
4813.49768024111  1.941608E-17
4815.49995797589  2.565187E-17
4817.50223571067  2.922571E-17
4819.50451344545  4.720504E-18
4821.50679118023  -1.922136E-17
4823.50906891501  -5.711664E-18
4825.51134664979  1.998490E-17
4827.51362438457  3.361235E-17
4829.51590211935  8.371727E-18
4831.51817985413  2.231944E-17
4833.52045758891  3.384367E-17
4835.52273532369  1.295600E-18
4837.52501305847  1.977614E-17
4839.52729079325  2.248082E-17
4841.52956852803  6.775266E-18
4843.53184626281  5.904165E-18
4845.53412399759  4.530787E-18
4847.53640173237  4.213683E-17
4849.53867946715  2.887718E-17
4851.54095720193  2.191567E-17
4853.54323493672  4.957668E-18
4855.54551267149  1.216157E-17
4857.54779040627  3.060520E-17
4859.55006814106  1.082760E-17
4861.55234587584  4.638663E-18
4863.55462361062  5.350392E-18
4865.55690134539  1.621698E-17
4867.55917908018  4.249656E-17
4869.56145681496  3.100748E-17
4871.56373454974  5.004956E-17
4873.56601228452  3.646633E-17
4875.5682900193  3.404883E-17
4877.57056775408  1.738563E-17
4879.57284548886  -9.299223E-18
4881.57512322364  1.210053E-17
4883.57740095842  1.962803E-17
4885.5796786932  3.408911E-17
4887.58195642798  2.842196E-17
4889.58423416276  9.381109E-18
4891.58651189754  1.398997E-17
4893.58878963232  3.220255E-17
4895.5910673671  4.332146E-17
4897.59334510188  2.487935E-17
4899.59562283666  4.120413E-17
4901.59790057144  8.962432E-18
4903.60017830622  -5.596714E-18
4905.602456041  -2.030027E-18
4907.60473377578  1.234400E-17
4909.60701151056  5.337057E-17
4911.60928924534  2.781723E-17
4913.61156698012  1.114534E-17
4915.6138447149  2.431939E-17
4917.61612244968  3.208545E-17
4919.61840018446  2.407443E-17
4921.62067791924  1.793365E-17
4923.62295565402  8.874691E-18
4925.6252333888  3.973715E-17
4927.62751112359  2.464250E-17
4929.62978885837  1.341047E-17
4931.63206659315  2.229839E-17
4933.63434432793  4.816839E-17
4935.63662206271  3.320277E-17
4937.63889979749  5.137262E-18
4939.64117753227  1.979933E-17
4941.64345526705  2.412683E-17
4943.64573300183  5.312777E-17
4945.64801073661  3.942640E-17
4947.65028847139  1.480857E-17
4949.65256620617  3.211495E-17
4951.65484394095  7.862737E-18
4953.65712167573  1.849317E-17
4955.65939941051  1.596012E-17
4957.66167714529  4.377457E-17
4959.66395488007  3.437545E-17
4961.66623261485  1.008785E-17
4963.66851034963  2.152722E-17
4965.67078808441  2.995504E-17
4967.67306581919  3.572767E-18
4969.67534355397  2.767186E-18
4971.67762128875  1.537994E-17
4973.67989902353  2.778485E-17
4975.68217675831  2.724479E-17
4977.68445449309  2.074582E-17
4979.68673222787  2.274698E-17
4981.68900996265  3.627386E-17
4983.69128769743  2.396759E-17
4985.69356543221  2.277482E-19
4987.69584316699  -3.653191E-18
4989.69812090177  3.136235E-17
4991.70039863656  5.668910E-17
4993.70267637134  4.999293E-17
4995.70495410612  2.296346E-17
4997.7072318409  -1.796918E-18
4999.70950957568  1.581172E-17
5001.71178731046  1.341187E-17
5003.71406504524  2.854113E-17
5005.71634278002  2.316172E-17
5007.7186205148  1.290410E-17
5009.72089824958  9.494080E-18
5011.72317598436  2.965595E-18
5013.72545371914  3.736509E-17
5015.72773145392  3.953948E-17
5017.7300091887  2.169831E-17
5019.73228692348  -4.645220E-18
5021.73456465826  -8.269569E-18
5023.73684239304  9.494496E-18
5025.73912012782  3.041431E-17
5027.7413978626  3.901542E-17
5029.74367559738  4.112526E-17
5031.74595333216  4.738190E-17
5033.74823106694  1.833232E-17
5035.75050880172  1.945773E-17
5037.7527865365  3.084601E-17
5039.75506427128  2.270059E-17
5041.75734200606  1.172656E-17
5043.75961974084  1.540136E-17
5045.76189747562  5.171766E-18
5047.7641752104  2.515629E-17
5049.76645294518  3.572929E-17
5051.76873067996  1.220201E-17
5053.77100841474  2.374565E-18
5055.77328614952  5.387835E-18
5057.7755638843  3.309455E-17
5059.77784161909  3.585274E-17
5061.78011935387  2.117367E-17
5063.78239708865  3.628937E-17
5065.78467482343  1.326576E-17
5067.78695255821  9.230050E-18
5069.78923029299  8.974675E-18
5071.79150802777  2.403774E-17
5073.79378576255  3.959986E-17
5075.79606349733  4.635401E-17
5077.79834123211  3.065172E-17
5079.80061896689  3.750571E-17
5081.80289670167  2.686734E-17
5083.80517443645  4.495258E-17
5085.80745217123  1.894028E-17
5087.80972990601  1.359450E-17
5089.81200764079  5.323913E-18
5091.81428537557  2.711884E-17
5093.81656311035  3.103674E-17
5095.81884084513  2.360722E-17
5097.82111857991  2.472448E-17
5099.82339631469  3.165679E-17
5101.82567404947  2.958233E-17
5103.82795178425  3.220931E-17
5105.83022951903  2.094464E-17
5107.83250725381  1.734083E-17
5109.83478498859  2.274286E-17
5111.83706272337  3.994584E-17
5113.83934045815  5.308035E-17
5115.84161819293  5.609272E-17
5117.84389592771  7.811358E-17
5119.84617366249  9.172812E-17
5121.84845139728  1.233230E-16
5123.85072913206  1.558571E-16
5125.85300686684  1.345391E-16
5127.85528460162  1.245069E-16
5129.8575623364  7.986105E-17
5131.85984007118  2.587121E-17
5133.86211780596  4.280488E-17
5135.86439554074  3.815636E-17
5137.86667327552  2.061697E-17
5139.8689510103  3.047046E-17
5141.87122874508  1.287499E-17
5143.87350647986  2.160361E-17
5145.87578421464  4.809732E-17
5147.87806194942  3.044022E-17
5149.8803396842  1.928728E-17
5151.88261741898  1.881362E-17
5153.88489515376  2.861547E-17
5155.88717288854  5.678511E-18
5157.88945062332  -1.096463E-18
5159.8917283581  3.336038E-17
5161.89400609288  2.232551E-17
5163.89628382766  2.972866E-17
5165.89856156244  2.835821E-17
5167.90083929722  8.809216E-18
5169.903117032  2.752044E-17
5171.90539476678  2.204046E-17
5173.90767250156  2.908269E-17
5175.90995023634  1.961062E-17
5177.91222797112  2.882467E-18
5179.9145057059  2.500120E-17
5181.91678344068  2.576325E-17
5183.91906117546  2.206122E-17
5185.92133891024  1.224364E-17
5187.92361664503  1.842137E-17
5189.92589437981  4.378768E-17
5191.92817211459  3.411654E-17
5193.93044984937  3.923840E-17
5195.93272758415  4.604041E-17
5197.93500531893  3.697042E-17
5199.93728305371  4.663250E-17
5201.93956078849  2.459431E-17
5203.94183852327  2.383166E-17
5205.94411625805  3.180694E-17
5207.94639399283  2.860529E-17
5209.94867172761  3.704903E-17
5211.95094946239  1.067293E-17
5213.95322719717  2.408848E-17
5215.95550493195  4.028206E-17
5217.95778266673  2.309683E-17
5219.96006040151  1.188102E-17
5221.96233813629  5.423631E-18
5223.96461587107  1.900218E-17
5225.96689360585  3.131271E-17
5227.96917134063  1.617182E-17
5229.97144907541  1.316623E-17
5231.97372681019  1.538538E-17
5233.97600454497  2.957922E-17
5235.97828227975  3.510162E-17
5237.98056001453  2.002528E-17
5239.98283774931  2.301607E-17
5241.98511548409  3.184024E-17
5243.98739321887  3.128680E-17
5245.98967095365  3.286830E-17
5247.99194868843  2.945006E-17
5249.99422642321  7.481794E-18
5251.99650415799  1.993745E-17
5253.99878189277  1.862802E-17
5256.00105962755  1.786813E-17
5258.00333736234  2.466953E-17
5260.00561509712  2.338156E-17
5262.0078928319  3.131199E-17
5264.01017056668  1.952578E-17
5266.01244830146  3.051171E-17
5268.01472603624  3.842001E-17
5270.01700377102  4.243853E-17
5272.0192815058  7.955320E-18
5274.02155924058  6.604377E-18
5276.02383697536  2.690777E-17
5278.02611471014  2.186622E-17
5280.02839244492  2.540467E-17
5282.0306701797  -1.343168E-18
5284.03294791448  -2.253233E-18
5286.03522564926  2.435555E-17
5288.03750338404  2.474190E-17
5290.03978111882  2.913136E-17
5292.0420588536  5.702406E-17
5294.04433658838  5.513147E-17
5296.04661432316  2.521346E-17
5298.04889205794  9.598842E-18
5300.05116979272  1.668034E-17
5302.0534475275  2.902754E-17
5304.05572526228  3.157151E-17
5306.05800299706  3.704062E-17
5308.06028073184  2.625032E-17
5310.06255846662  3.601740E-17
5312.0648362014  2.892545E-17
5314.06711393618  5.827476E-17
5316.06939167096  5.785960E-17
5318.07166940574  6.971217E-17
5320.07394714053  8.559923E-17
5322.07622487531  7.111387E-17
5324.07850261009  6.540224E-17
5326.08078034487  3.204873E-17
5328.08305807965  3.100829E-17
5330.08533581443  4.472715E-17
5332.08761354921  5.010599E-17
5334.08989128399  3.083373E-17
5336.09216901877  2.898112E-17
5338.09444675355  1.532344E-17
5340.09672448833  8.654464E-18
5342.09900222311  2.929975E-17
5344.10127995789  4.143982E-17
5346.10355769267  3.429981E-17
5348.10583542745  3.697834E-17
5350.10811316223  3.275244E-17
5352.11039089701  2.343689E-17
5354.11266863179  2.722624E-17
5356.11494636657  2.665749E-17
5358.11722410135  2.589845E-17
5360.11950183613  3.470797E-17
5362.12177957091  2.057129E-17
5364.12405730569  8.584983E-18
5366.12633504047  4.356613E-18
5368.12861277525  1.634715E-17
5370.13089051003  3.338023E-17
5372.13316824481  3.792533E-17
5374.13544597959  2.864107E-17
5376.13772371437  2.840072E-17
5378.14000144915  2.495803E-17
5380.14227918393  2.298420E-17
5382.14455691871  3.997833E-17
5384.14683465349  2.578482E-17
5386.14911238827  1.457550E-17
5388.15139012306  1.913684E-17
5390.15366785784  2.356473E-17
5392.15594559262  2.647491E-17
5394.1582233274  3.118403E-17
5396.16050106218  3.093082E-17
5398.16277879696  4.987723E-17
5400.16505653174  3.368841E-17
5402.16733426652  1.713904E-17
5404.1696120013  1.775428E-17
5406.17188973608  1.389110E-17
5408.17416747086  1.316873E-17
5410.17644520564  1.760269E-18
5412.17872294042  -9.716497E-18
5414.1810006752  1.458143E-17
5416.18327840998  3.014947E-17
5418.18555614476  2.480955E-17
5420.18783387954  2.701605E-17
5422.19011161432  1.515954E-17
5424.1923893491  1.712000E-17
5426.19466708388  2.796613E-17
5428.19694481866  1.027570E-17
5430.19922255344  8.962011E-18
5432.20150028822  3.610123E-17
5434.203778023  2.909446E-17
5436.20605575778  2.166255E-17
5438.20833349256  3.297682E-17
5440.21061122734  2.038054E-17
5442.21288896212  3.248094E-17
5444.2151666969  1.895298E-17
5446.21744443168  3.228715E-17
5448.21972216646  3.647364E-17
5450.22199990124  2.075331E-17
5452.22427763602  3.188303E-17
5454.2265553708  3.963716E-17
5456.22883310559  4.589485E-17
5458.23111084036  5.065572E-17
5460.23338857515  4.972780E-17
5462.23566630993  5.218296E-17
5464.23794404471  1.663361E-17
5466.24022177949  2.542783E-17
5468.24249951427  3.319737E-17
5470.24477724905  3.212102E-17
5472.24705498383  2.087055E-17
5474.24933271861  6.940868E-18
5476.25161045339  3.585018E-17
5478.25388818817  3.840348E-17
5480.25616592295  4.488132E-17
5482.25844365773  2.345700E-17
5484.26072139251  1.903031E-17
5486.26299912729  3.874057E-17
5488.26527686207  2.317992E-17
5490.26755459685  1.583842E-17
5492.26983233163  2.494439E-17
5494.27211006641  3.112251E-17
5496.27438780119  2.621769E-17
5498.27666553597  6.069070E-17
5500.27894327075  4.524230E-17
5502.28122100553  2.772478E-17
5504.28349874031  4.381523E-17
5506.28577647509  3.853244E-17
5508.28805420987  4.232447E-17
5510.29033194465  4.836565E-17
5512.29260967943  1.464017E-17
5514.29488741421  2.550811E-18
5516.29716514899  3.279014E-17
5518.29944288378  3.922070E-17
5520.30172061856  2.364199E-17
5522.30399835333  2.192004E-17
5524.30627608812  3.079529E-17
5526.3085538229  2.609770E-17
5528.31083155768  3.376980E-17
5530.31310929246  3.268870E-17
5532.31538702724  4.160765E-17
5534.31766476202  4.549490E-17
5536.3199424968  2.606619E-17
5538.32222023158  1.217708E-17
5540.32449796636  3.813271E-17
5542.32677570114  5.844836E-17
5544.32905343592  3.529350E-17
5546.3313311707  3.275483E-17
5548.33360890548  2.189886E-17
5550.33588664026  2.668363E-17
5552.33816437504  2.438974E-17
5554.34044210982  4.754352E-17
5556.3427198446  2.931494E-17
5558.34499757938  4.197598E-17
5560.34727531416  4.164364E-17
5562.34955304894  2.902703E-17
5564.35183078372  3.899609E-17
5566.3541085185  2.081899E-17
5568.35638625328  3.800261E-17
5570.35866398806  3.522371E-17
5572.36094172284  2.647383E-17
5574.36321945762  2.739786E-17
5576.3654971924  2.603750E-17
5578.36777492718  2.524046E-17
5580.37005266196  2.797205E-17
5582.37233039674  2.969185E-17
5584.37460813152  3.116121E-17
5586.37688586631  3.311188E-17
5588.37916360109  3.558729E-17
5590.38144133586  3.499235E-17
5592.38371907065  3.245954E-17
5594.38599680543  3.493255E-17
5596.38827454021  3.294060E-17
5598.39055227499  2.847275E-17
5600.39283000977  3.815224E-17
5602.39510774455  3.722109E-17
5604.39738547933  2.685373E-17
5606.39966321411  4.282870E-17
5608.40194094889  2.366689E-17
5610.40421868367  2.149484E-17
5612.40649641845  4.091349E-18
5614.40877415323  1.888831E-18
5616.41105188801  3.540048E-17
5618.41332962279  2.993020E-17
5620.41560735757  2.545053E-17
5622.41788509235  1.401802E-17
5624.42016282713  1.169213E-17
5626.42244056191  1.422799E-17
5628.42471829669  2.318573E-17
5630.42699603147  8.586265E-18
5632.42927376625  1.212767E-17
5634.43155150103  3.263928E-17
5636.43382923581  3.543838E-17
5638.43610697059  2.107049E-17
5640.43838470537  3.573355E-17
5642.44066244015  2.072536E-17
5644.44294017493  3.076872E-17
5646.44521790971  2.486386E-17
5648.44749564449  2.901732E-17
5650.44977337928  3.898443E-17
5652.45205111405  2.156693E-17
5654.45432884883  3.653472E-17
5656.45660658361  4.069842E-17
5658.4588843184  2.803350E-17
5660.46116205318  3.134498E-17
5662.46343978796  2.341506E-17
5664.46571752274  3.174278E-17
5666.46799525752  3.494574E-17
5668.4702729923  2.996440E-17
5670.47255072708  3.247902E-17
5672.47482846186  2.373245E-17
5674.47710619664  1.622808E-17
5676.47938393142  2.031095E-17
5678.4816616662  2.293465E-17
5680.48393940098  2.612554E-17
5682.48621713576  3.102570E-17
5684.48849487054  1.926540E-17
5686.49077260532  1.878312E-17
5688.4930503401  1.207806E-17
5690.49532807488  1.323008E-17
5692.49760580966  1.788120E-17
5694.49988354444  1.603333E-17
5696.50216127922  3.105382E-17
5698.504439014  2.974735E-17
5700.50671674878  2.594081E-17
5702.50899448356  2.467703E-17
5704.51127221834  2.711973E-17
5706.51354995312  3.511623E-17
5708.5158276879  3.164603E-17
5710.51810542268  1.978279E-17
5712.52038315746  2.849941E-17
5714.52266089224  3.468999E-17
5716.52493862702  2.846164E-17
5718.5272163618  3.241902E-17
5720.52949409658  4.614471E-17
5722.53177183137  3.486987E-17
5724.53404956615  1.419271E-17
5726.53632730093  3.316316E-17
5728.53860503571  3.475267E-17
5730.54088277049  2.374427E-17
5732.54316050527  3.094763E-17
5734.54543824005  4.407677E-17
5736.54771597483  2.482719E-17
5738.54999370961  2.441974E-17
5740.55227144439  1.351877E-17
5742.55454917917  3.338220E-17
5744.55682691395  4.157731E-17
5746.55910464873  2.728691E-17
5748.56138238351  3.443029E-17
5750.56366011829  3.613026E-17
5752.56593785307  2.121603E-17
5754.56821558785  1.098489E-17
5756.57049332263  1.061069E-17
5758.57277105741  3.247951E-17
5760.57504879219  2.996793E-17
5762.57732652697  2.117059E-17
5764.57960426175  3.150740E-17
5766.58188199653  1.762303E-17
5768.58415973131  1.671875E-17
5770.58643746609  3.995302E-17
5772.58871520087  3.017996E-17
5774.59099293565  2.207837E-17
5776.59327067043  3.385365E-17
5778.59554840521  3.347350E-17
5780.59782613999  3.124239E-17
5782.60010387477  2.369137E-17
5784.60238160955  1.888262E-17
5786.60465934433  2.450945E-17
5788.60693707912  3.373153E-17
5790.60921481389  3.379852E-17
5792.61149254868  9.140294E-18
5794.61377028346  -3.456474E-18
5796.61604801824  1.099747E-17
5798.61832575302  3.690779E-17
5800.6206034878  2.621771E-17
5802.62288122258  2.317269E-17
5804.62515895736  4.225352E-17
5806.62743669214  3.049935E-17
5808.62971442692  3.942449E-17
5810.6319921617  2.695410E-17
5812.63426989648  2.320816E-17
5814.63654763126  3.241272E-18
5816.63882536604  1.780671E-17
5818.64110310082  3.316035E-17
5820.6433808356  2.456025E-17
5822.64565857038  3.520651E-17
5824.64793630516  5.059245E-17
5826.65021403994  3.195671E-17
5828.65249177472  2.646759E-17
5830.6547695095  3.222058E-17
5832.65704724428  2.409493E-17
5834.65932497906  2.697207E-17
5836.66160271384  2.089344E-17
5838.66388044862  1.405074E-17
5840.6661581834  1.433975E-17
5842.66843591818  3.082924E-17
5844.67071365296  2.855003E-17
5846.67299138774  2.702517E-17
5848.67526912252  2.023946E-17
5850.6775468573  2.146505E-17
5852.67982459208  2.261293E-17
5854.68210232686  3.434594E-17
5856.68438006165  3.285940E-17
5858.68665779642  2.250323E-17
5860.68893553121  2.174249E-17
5862.69121326599  1.732456E-17
5864.69349100077  3.464280E-17
5866.69576873555  3.720084E-17
5868.69804647033  2.739889E-17
5870.70032420511  2.587663E-17
5872.70260193989  1.867668E-17
5874.70487967467  2.928300E-17
5876.70715740945  4.777604E-17
5878.70943514423  4.521534E-17
5880.71171287901  3.066470E-17
5882.71399061379  1.305258E-17
5884.71626834857  2.375515E-17
5886.71854608335  3.678958E-17
5888.72082381813  2.664313E-17
5890.72310155291  3.933160E-17
5892.72537928769  1.634769E-17
5894.72765702247  5.025353E-18
5896.72993475725  3.765365E-17
5898.73221249203  3.945175E-17
5900.73449022681  4.442884E-17
5902.73676796159  2.978349E-17
5904.73904569637  3.158673E-17
5906.74132343115  3.849998E-17
5908.74360116593  2.980310E-17
5910.74587890071  8.814997E-18
5912.74815663549  1.657703E-17
5914.75043437027  1.934631E-17
5916.75271210505  4.033037E-17
5918.75498983983  3.010620E-17
5920.75726757462  2.122493E-17
5922.75954530939  2.305502E-17
5924.76182304418  8.567294E-18
5926.76410077896  9.822111E-18
5928.76637851374  2.288819E-17
5930.76865624852  4.515592E-17
5932.7709339833  4.649124E-17
5934.77321171808  1.857698E-17
5936.77548945286  2.825901E-17
5938.77776718764  4.309722E-17
5940.78004492242  3.089770E-17
5942.7823226572  2.785230E-17
5944.78460039198  2.766889E-17
5946.78687812676  4.210971E-17
5948.78915586154  3.497448E-17
5950.79143359632  2.356226E-17
5952.7937113311  4.154324E-17
5954.79598906588  4.244217E-17
5956.79826680066  1.504639E-17
5958.80054453544  2.707818E-17
5960.80282227022  3.882761E-17
5962.805100005  5.601673E-17
5964.80737773978  6.484451E-17
5966.80965547456  3.417572E-17
5968.81193320934  3.071980E-17
5970.81421094412  4.309165E-17
5972.8164886789  3.763984E-17
5974.81876641368  3.163350E-17
5976.82104414846  2.831791E-17
5978.82332188324  1.964248E-17
5980.82559961802  2.902411E-17
5982.8278773528  2.345954E-17
5984.83015508758  8.058814E-18
5986.83243282236  2.737085E-17
5988.83471055715  2.945360E-17
5990.83698829192  2.918841E-17
5992.83926602671  4.578570E-17
5994.84154376149  4.617940E-17
5996.84382149627  4.808436E-17
5998.84609923105  5.409399E-17
6000.84837696583  5.391778E-17
6002.85065470061  5.594573E-17
6004.85293243539  3.314429E-17
6006.85521017017  3.313325E-17
6008.85748790495  4.314659E-17
6010.85976563973  2.985641E-17
6012.86204337451  9.539838E-18
6014.86432110929  1.111421E-17
6016.86659884407  3.887529E-17
6018.86887657885  3.134629E-17
6020.87115431363  4.924741E-17
6022.87343204841  5.767387E-17
6024.87570978319  2.179683E-17
6026.87798751797  1.985555E-17
6028.88026525275  2.408531E-17
6030.88254298753  1.919566E-17
6032.88482072231  2.676052E-17
6034.88709845709  1.917000E-17
6036.88937619187  2.511427E-17
6038.89165392665  4.996152E-17
6040.89393166143  5.541364E-17
6042.89620939621  3.389782E-17
6044.89848713099  3.501326E-17
6046.90076486577  3.557948E-17
6048.90304260055  2.468663E-17
6050.90532033534  1.353586E-17
6052.90759807011  5.637235E-18
6054.90987580489  2.768163E-17
6056.91215353968  2.029043E-17
6058.91443127445  8.794106E-18
6060.91670900924  1.531576E-17
6062.91898674402  2.236109E-17
6064.9212644788  3.531211E-17
6066.92354221358  4.625378E-17
6068.92581994836  2.644946E-17
6070.92809768314  4.117533E-17
6072.93037541792  4.017598E-17
6074.9326531527  3.951665E-17
6076.93493088748  5.308618E-17
6078.93720862226  4.401744E-17
6080.93948635704  3.357422E-17
6082.94176409182  2.672600E-17
6084.9440418266  2.215654E-17
6086.94631956138  2.559639E-17
6088.94859729616  4.082521E-17
6090.95087503094  3.409547E-17
6092.95315276572  3.897042E-17
6094.9554305005  2.445147E-17
6096.95770823528  1.280832E-17
6098.95998597006  2.418744E-17
6100.96226370484  1.462492E-17
6102.96454143962  2.971488E-17
6104.9668191744  5.090522E-17
6106.96909690918  4.125830E-17
6108.97137464396  2.134325E-17
6110.97365237874  4.239129E-17
6112.97593011352  3.318202E-17
6114.9782078483  2.456864E-17
6116.98048558308  2.665743E-17
6118.98276331786  2.797457E-17
6120.98504105265  3.258882E-17
6122.98731878743  2.170480E-17
6124.98959652221  2.660597E-17
6126.99187425699  4.579504E-17
6128.99415199177  3.769987E-17
6130.99642972655  2.641694E-17
6132.99870746133  2.890607E-17
6135.00098519611  3.073584E-17
6137.00326293089  3.186556E-17
6139.00554066567  3.701048E-17
6141.00781840045  3.289587E-17
6143.01009613523  3.224716E-17
6145.01237387001  3.532775E-17
6147.01465160479  3.721576E-17
6149.01692933957  3.550465E-17
6151.01920707435  3.823676E-17
6153.02148480913  2.768099E-17
6155.02376254391  3.387409E-17
6157.02604027869  3.129188E-17
6159.02831801347  2.666490E-17
6161.03059574825  3.750185E-17
6163.03287348303  3.673123E-17
6165.03515121781  2.736626E-17
6167.03742895259  2.982517E-17
6169.03970668737  3.385492E-17
6171.04198442215  3.116692E-17
6173.04426215693  2.904373E-17
6175.04653989171  3.496113E-17
6177.04881762649  3.148227E-17
6179.05109536127  2.909438E-17
6181.05337309605  3.122607E-17
6183.05565083083  3.092573E-17
6185.05792856561  5.962068E-17
6187.06020630039  3.724728E-17
6189.06248403517  2.704042E-17
6191.06476176995  4.733593E-17
6193.06703950474  4.650987E-17
6195.06931723952  3.614744E-17
6197.0715949743  5.232795E-17
6199.07387270908  4.984893E-17
6201.07615044386  3.770456E-17
6203.07842817864  2.142991E-17
6205.08070591342  4.240686E-17
6207.0829836482  3.965859E-17
6209.08526138298  2.182919E-17
6211.08753911776  3.113576E-17
6213.08981685254  3.169210E-17
6215.09209458732  4.649286E-17
6217.0943723221  5.021869E-17
6219.09665005688  2.866387E-17
6221.09892779166  2.162346E-17
6223.10120552644  2.507417E-17
6225.10348326122  3.495901E-17
6227.105760996  3.905827E-17
6229.10803873078  1.684047E-17
6231.11031646556  1.834575E-17
6233.11259420034  4.681166E-17
6235.11487193512  3.544453E-17
6237.1171496699  3.091628E-17
6239.11942740468  2.492579E-17
6241.12170513946  1.933847E-17
6243.12398287424  4.527154E-17
6245.12626060902  4.418726E-17
6247.1285383438  2.145774E-17
6249.13081607858  1.107051E-17
6251.13309381336  1.273248E-17
6253.13537154814  1.637825E-17
6255.13764928292  2.491735E-17
6257.1399270177  3.547881E-17
6259.14220475249  2.268294E-17
6261.14448248727  3.942766E-17
6263.14676022205  4.290020E-17
6265.14903795683  2.551147E-17
6267.15131569161  3.286012E-17
6269.15359342639  3.157610E-17
6271.15587116117  1.925026E-17
6273.15814889595  3.161323E-17
6275.16042663073  3.867193E-17
6277.16270436551  3.053905E-17
6279.16498210029  3.462542E-17
6281.16725983507  3.511922E-17
6283.16953756985  3.595965E-17
6285.17181530463  3.193379E-17
6287.17409303941  5.188923E-17
6289.17637077419  4.822963E-17
6291.17864850897  4.140488E-17
6293.18092624375  2.542636E-17
6295.18320397853  4.305312E-17
6297.18548171331  3.637296E-17
6299.18775944809  1.606152E-17
6301.19003718287  5.273675E-17
6303.19231491765  7.444834E-17
6305.19459265243  4.676768E-17
6307.19687038721  3.917608E-17
6309.19914812199  4.699349E-17
6311.20142585677  5.098759E-17
6313.20370359155  3.406210E-17
6315.20598132633  2.397058E-17
6317.20825906111  1.223969E-17
6319.21053679589  1.459126E-17
6321.21281453068  4.317043E-17
6323.21509226546  3.154482E-17
6325.21737000024  2.447289E-17
6327.21964773502  4.242072E-17
6329.2219254698  2.769583E-17
6331.22420320458  2.837751E-17
6333.22648093936  2.848256E-17
6335.22875867414  3.855396E-17
6337.23103640892  2.580578E-17
6339.2333141437  4.682489E-17
6341.23559187848  4.038531E-17
6343.23786961326  3.760002E-17
6345.24014734804  3.965544E-17
6347.24242508282  3.735497E-17
6349.2447028176  3.421521E-17
6351.24698055238  3.050151E-17
6353.24925828716  3.404204E-17
6355.25153602194  4.823860E-17
6357.25381375672  3.243815E-17
6359.2560914915  2.293708E-17
6361.25836922628  1.214569E-17
6363.26064696106  2.498812E-17
6365.26292469584  5.608064E-17
6367.26520243062  5.684103E-17
6369.2674801654  3.485415E-17
6371.26975790018  1.916064E-17
6373.27203563496  2.357158E-17
6375.27431336974  3.175545E-17
6377.27659110452  3.486251E-17
6379.2788688393  2.783772E-17
6381.28114657408  2.378764E-17
6383.28342430886  4.391581E-17
6385.28570204364  2.463534E-17
6387.28797977842  3.763207E-17
6389.29025751321  1.037200E-17
6391.29253524799  2.652472E-17
6393.29481298277  1.459149E-17
6395.29709071755  3.269712E-17
6397.29936845233  2.057471E-17
6399.30164618711  3.331176E-17
6401.30392392189  4.708627E-17
6403.30620165667  3.894794E-17
6405.30847939145  3.047938E-17
6407.31075712623  3.571903E-17
6409.31303486101  3.676671E-17
6411.31531259579  3.063605E-17
6413.31759033057  3.507789E-17
6415.31986806535  2.960385E-17
6417.32214580013  1.686728E-17
6419.32442353491  1.980227E-17
6421.32670126969  2.450340E-17
6423.32897900447  3.343170E-17
6425.33125673925  4.429423E-17
6427.33353447403  3.241194E-17
6429.33581220881  2.063960E-17
6431.33808994359  2.908978E-17
6433.34036767837  4.279975E-17
6435.34264541315  4.388549E-17
6437.34492314793  3.588247E-17
6439.34720088271  4.655111E-17
6441.34947861749  5.678491E-17
6443.35175635227  6.152725E-17
6445.35403408705  5.544877E-17
6447.35631182183  4.820671E-17
6449.35858955661  3.805571E-17
6451.36086729139  4.082701E-17
6453.36314502618  3.129776E-17
6455.36542276095  2.672656E-17
6457.36770049574  3.043874E-17
6459.36997823052  3.200031E-17
6461.3722559653  2.135591E-17
6463.37453370008  2.789451E-17
6465.37681143486  3.698813E-17
6467.37908916964  3.389181E-17
6469.38136690442  4.227662E-17
6471.3836446392  3.679122E-17
6473.38592237398  2.866337E-17
6475.38820010876  3.557868E-17
6477.39047784354  3.689601E-17
6479.39275557832  3.107988E-17
6481.3950333131  1.809420E-17
6483.39731104788  3.788680E-17
6485.39958878266  4.023383E-17
6487.40186651744  3.926411E-17
6489.40414425222  2.347204E-17
6491.406421987  3.308292E-17
6493.40869972178  1.991101E-17
6495.41097745656  2.947678E-17
6497.41325519134  2.365698E-17
6499.41553292612  1.933344E-17
6501.4178106609  2.318570E-17
6503.42008839568  2.796536E-17
6505.42236613046  5.059807E-17
6507.42464386524  4.096624E-17
6509.42692160002  3.402646E-17
6511.4291993348  3.956667E-17
6513.43147706958  3.823187E-17
6515.43375480436  3.477947E-17
6517.43603253914  3.624404E-17
6519.43831027392  1.917523E-17
6521.44058800871  2.023673E-17
6523.44286574349  3.583709E-17
6525.44514347827  2.588062E-17
6527.44742121304  3.014530E-17
6529.44969894782  5.174442E-17
6531.45197668261  4.562312E-17
6533.45425441739  3.071896E-17
6535.45653215217  3.221265E-17
6537.45880988695  2.936261E-17
6539.46108762173  2.234997E-17
6541.46336535651  2.385012E-17
6543.46564309129  3.461856E-17
6545.46792082607  4.718102E-17
6547.47019856085  3.323195E-17
6549.47247629563  3.969188E-17
6551.47475403041  3.152549E-17
6553.47703176519  3.643726E-17
6555.47930949997  4.682291E-17
6557.48158723475  3.336410E-17
6559.48386496953  2.361507E-17
6561.48614270431  1.955273E-17
6563.48842043909  1.870050E-17
6565.49069817387  2.485399E-17
6567.49297590865  3.896711E-17
6569.49525364343  3.684954E-17
6571.49753137821  2.909410E-17
6573.49980911299  3.596322E-17
6575.50208684777  3.412213E-17
6577.50436458255  3.908454E-17
6579.50664231733  4.463100E-17
6581.50892005211  2.923002E-17
6583.51119778689  2.498761E-17
6585.51347552167  3.559548E-17
6587.51575325645  3.164953E-17
6589.51803099123  2.066081E-17
6591.52030872602  2.899043E-17
6593.5225864608  3.528687E-17
6595.52486419558  2.908341E-17
6597.52714193036  3.996879E-17
6599.52941966514  2.723096E-17
6601.53169739992  2.890838E-17
6603.5339751347  4.179855E-17
6605.53625286948  3.878722E-17
6607.53853060426  3.680908E-17
6609.54080833904  2.067476E-17
6611.54308607382  2.853241E-17
6613.5453638086  4.240547E-17
6615.54764154338  3.254555E-17
6617.54991927816  3.279911E-17
6619.55219701294  4.851085E-17
6621.55447474772  5.073575E-17
6623.5567524825  3.940369E-17
6625.55903021728  4.058010E-17
6627.56130795206  4.133484E-17
6629.56358568684  3.067534E-17
6631.56586342162  2.920491E-17
6633.5681411564  3.356625E-17
6635.57041889118  4.003761E-17
6637.57269662596  3.925716E-17
6639.57497436074  4.667597E-17
6641.57725209552  4.834339E-17
6643.5795298303  4.009254E-17
6645.58180756508  3.333926E-17
6647.58408529986  1.007023E-17
6649.58636303464  1.221809E-17
6651.58864076942  2.167646E-17
6653.5909185042  1.758423E-17
6655.59319623899  3.642352E-17
6657.59547397376  2.413921E-17
6659.59775170855  2.804379E-17
6661.60002944333  3.255387E-17
6663.60230717811  3.951681E-17
6665.60458491289  4.068150E-17
6667.60686264767  4.059717E-17
6669.60914038245  1.928536E-17
6671.61141811723  3.541599E-17
6673.61369585201  5.045351E-17
6675.61597358679  5.315824E-17
6677.61825132157  5.615347E-17
6679.62052905635  7.494522E-17
6681.62280679113  7.773936E-17
6683.62508452591  1.043764E-16
6685.62736226069  7.502636E-17
6687.62963999547  5.668005E-17
6689.63191773025  6.423930E-17
6691.63419546503  4.050714E-17
6693.63647319981  2.091022E-17
6695.63875093459  4.137728E-17
6697.64102866937  3.110476E-17
6699.64330640415  2.279542E-17
6701.64558413893  3.799421E-17
6703.64786187371  3.395600E-17
6705.65013960849  3.073041E-17
6707.65241734327  2.520822E-17
6709.65469507805  2.076034E-17
6711.65697281283  3.045439E-17
6713.65925054761  3.057812E-17
6715.66152828239  3.991956E-17
6717.66380601717  4.770503E-17
6719.66608375196  3.949665E-17
6721.66836148673  3.923101E-17
6723.67063922152  2.814681E-17
6725.6729169563  4.117157E-17
6727.67519469108  4.784316E-17
6729.67747242586  3.536206E-17
6731.67975016064  4.169019E-17
6733.68202789542  3.121798E-17
6735.6843056302  3.021045E-17
6737.68658336498  3.918644E-17
6739.68886109976  1.726692E-17
6741.69113883454  3.153438E-17
6743.69341656932  3.360608E-17
6745.6956943041  3.952507E-17
6747.69797203888  3.658540E-17
6749.70024977366  2.727602E-17
6751.70252750844  4.014449E-17
6753.70480524322  3.369966E-17
6755.707082978  3.606003E-17
6757.70936071278  3.554627E-17
6759.71163844756  2.233335E-17
6761.71391618234  3.075632E-17
6763.71619391712  3.194468E-17
6765.7184716519  3.290001E-17
6767.72074938668  3.889578E-17
6769.72302712146  3.223700E-17
6771.72530485624  3.417616E-17
6773.72758259102  3.839583E-17
6775.7298603258  2.464072E-17
6777.73213806058  3.263835E-17
6779.73441579536  4.383197E-17
6781.73669353014  3.533510E-17
6783.73897126492  3.599010E-17
6785.7412489997  3.819570E-17
6787.74352673449  3.627747E-17
6789.74580446927  3.262779E-17
6791.74808220405  5.025174E-17
6793.75035993883  6.599320E-17
6795.75263767361  6.003680E-17
6797.75491540839  4.533107E-17
6799.75719314317  4.418586E-17
6801.75947087795  4.245172E-17
6803.76174861273  4.951224E-17
6805.76402634751  6.022843E-17
6807.76630408229  8.076136E-17
6809.76858181707  1.129886E-16
6811.77085955185  1.333467E-16
6813.77313728663  1.830146E-16
6815.77541502141  2.209195E-16
6817.77769275619  2.801383E-16
6819.77997049097  2.720432E-16
6821.78224822575  2.292175E-16
6823.78452596053  1.588396E-16
6825.78680369531  1.316755E-16
6827.78908143009  8.263685E-17
6829.79135916487  5.450004E-17
6831.79363689965  3.353178E-17
6833.79591463443  4.162371E-17
6835.79819236921  5.378623E-17
6837.80047010399  4.685565E-17
6839.80274783877  3.965821E-17
6841.80502557355  3.330215E-17
6843.80730330833  4.358214E-17
6845.80958104311  4.744283E-17
6847.81185877789  4.485643E-17
6849.81413651267  3.695186E-17
6851.81641424746  3.079251E-17
6853.81869198223  4.818415E-17
6855.82096971701  6.002444E-17
6857.8232474518  4.127477E-17
6859.82552518658  5.321188E-17
6861.82780292135  6.886307E-17
6863.83008065614  4.653472E-17
6865.83235839092  4.733628E-17
6867.8346361257  9.326673E-17
6869.83691386048  1.159384E-16
6871.83919159526  1.267922E-16
6873.84146933004  1.894414E-16
6875.84374706482  2.603831E-16
6877.8460247996  3.923586E-16
6879.84830253438  5.266833E-16
6881.85058026916  6.529414E-16
6883.85285800394  7.347952E-16
6885.85513573872  7.055761E-16
6887.8574134735  6.045578E-16
6889.85969120828  4.226071E-16
6891.86196894306  2.319789E-16
6893.86424667784  1.360567E-16
6895.86652441262  6.925683E-17
6897.8688021474  7.012292E-17
6899.87107988218  4.654369E-17
6901.87335761696  5.288515E-17
6903.87563535174  4.888686E-17
6905.87791308652  4.414858E-17
6907.8801908213  3.181128E-17
6909.88246855608  4.617373E-17
6911.88474629086  5.315075E-17
6913.88702402564  4.750717E-17
6915.88930176043  2.631905E-17
6917.8915794952  9.147825E-18
6919.89385722998  4.495484E-17
6921.89613496477  3.875429E-17
6923.89841269955  4.844715E-18
6925.90069043432  2.088293E-17
6927.9029681691  4.103623E-17
6929.90524590388  4.489050E-17
6931.90752363867  4.668902E-17
6933.90980137345  4.353517E-17
6935.91207910823  2.550839E-17
6937.91435684301  3.524697E-17
6939.91663457779  3.875839E-17
6941.91891231257  3.154440E-17
6943.92119004735  7.984557E-18
6945.92346778213  2.075852E-17
6947.92574551691  4.051861E-17
6949.92802325169  2.294756E-17
6951.93030098647  3.084791E-17
6953.93257872125  4.138473E-17
6955.93485645603  2.734938E-17
6957.93713419081  2.116732E-17
6959.93941192559  1.783862E-17
6961.94168966037  2.846586E-17
6963.94396739515  4.286822E-17
6965.94624512993  3.953154E-17
6967.94852286471  3.394762E-17
6969.95080059949  2.724693E-17
6971.95307833427  1.789120E-17
6973.95535606905  2.534568E-17
6975.95763380383  2.360549E-17
6977.95991153861  1.484875E-18
6979.9621892734  1.869760E-17
6981.96446700817  3.640976E-17
6983.96674474295  3.248272E-17
6985.96902247773  3.419885E-17
6987.97130021251  2.541768E-17
6989.97357794729  2.735792E-17
6991.97585568207  2.485390E-17
6993.97813341686  4.162683E-17
6995.98041115164  4.036942E-17
6997.98268888642  3.753238E-17
6999.9849666212  2.170029E-17
7001.98724435598  1.448172E-17
7003.98952209076  1.672613E-17
7005.99179982554  2.569433E-17
7007.99407756032  4.552909E-17
7009.9963552951  3.570013E-17
7011.99863302988  3.853288E-18
7014.00091076466  2.844248E-17
7016.00318849944  4.347338E-17
7018.00546623422  4.021406E-17
7020.007743969  2.531838E-17
7022.01002170378  2.694091E-17
7024.01229943856  2.403718E-17
7026.01457717334  2.540897E-17
7028.01685490812  3.742637E-17
7030.0191326429  2.677515E-17
7032.02141037768  2.532919E-17
7034.02368811246  3.573107E-17
7036.02596584724  2.448519E-17
7038.02824358202  3.473789E-17
7040.0305213168  2.834255E-17
7042.03279905158  8.411167E-18
7044.03507678636  9.715691E-18
7046.03735452114  2.299937E-17
7048.03963225592  5.291123E-17
7050.0419099907  2.012779E-17
7052.04418772548  3.571182E-17
7054.04646546026  2.499268E-17
7056.04874319505  3.286543E-17
7058.05102092982  1.985660E-17
7060.0532986646  3.307059E-17
7062.05557639939  3.787184E-17
7064.05785413417  5.057737E-17
7066.06013186895  2.471423E-17
7068.06240960373  2.599602E-17
7070.06468733851  3.790300E-17
7072.06696507329  3.914622E-17
7074.06924280807  4.101999E-17
7076.07152054285  3.613575E-17
7078.07379827763  3.129475E-17
7080.07607601241  2.487891E-17
7082.07835374719  2.520478E-17
7084.08063148197  3.131646E-17
7086.08290921675  3.369634E-17
7088.08518695153  2.800032E-17
7090.08746468631  3.097522E-17
7092.08974242109  4.282416E-17
7094.09202015587  1.981249E-17
7096.09429789065  2.422973E-17
7098.09657562543  3.703790E-17
7100.09885336021  3.323244E-17
7102.10113109499  3.318348E-17
7104.10340882977  2.157438E-17
7106.10568656455  2.944765E-17
7108.10796429933  3.276259E-17
7110.11024203411  2.206833E-17
7112.11251976889  2.460289E-17
7114.11479750367  3.088303E-17
7116.11707523845  2.481932E-17
7118.11935297323  3.696731E-17
7120.12163070802  3.222709E-17
7122.12390844279  1.905068E-17
7124.12618617758  2.836846E-17
7126.12846391236  3.563007E-17
7128.13074164714  2.574674E-17
7130.13301938192  2.960868E-17
7132.1352971167  1.845987E-17
7134.13757485148  3.050302E-17
7136.13985258626  3.400971E-17
7138.14213032104  2.314209E-17
7140.14440805582  3.066374E-17
7142.1466857906  4.557205E-17
7144.14896352538  6.524128E-17
7146.15124126016  3.502123E-17
7148.15351899494  2.287633E-17
7150.15579672972  3.720132E-17
7152.1580744645  4.359649E-17
7154.16035219928  3.855834E-17
7156.16262993406  2.999629E-17
7158.16490766884  2.605169E-17
7160.16718540362  3.868240E-17
7162.1694631384  2.542534E-17
7164.17174087318  2.401479E-17
7166.17401860796  2.475185E-17
7168.17629634274  3.017629E-17
7170.17857407752  4.988416E-17
7172.1808518123  4.023369E-17
7174.18312954708  4.028252E-17
7176.18540728186  2.860610E-17
7178.18768501664  1.669560E-17
7180.18996275142  3.137543E-17
7182.1922404862  3.526582E-17
7184.19451822098  5.337313E-17
7186.19679595576  4.179673E-17
7188.19907369055  2.322670E-17
7190.20135142533  2.403928E-17
7192.20362916011  3.163143E-17
7194.20590689489  1.564175E-17
7196.20818462967  3.141828E-17
7198.21046236445  2.269393E-17
7200.21274009923  1.648262E-17
7202.21501783401  1.910796E-17
7204.21729556879  4.282215E-17
7206.21957330357  4.913424E-17
7208.22185103835  3.872794E-17
7210.22412877313  3.024776E-17
7212.22640650791  2.754303E-17
7214.22868424269  2.999972E-17
7216.23096197747  3.765976E-17
7218.23323971225  3.598087E-17
7220.23551744703  1.977955E-17
7222.23779518181  4.766738E-17
7224.24007291659  3.412795E-17
7226.24235065137  3.303003E-17
7228.24462838615  1.878704E-17
7230.24690612093  3.185965E-17
7232.24918385571  3.001452E-17
7234.25146159049  4.541460E-17
7236.25373932527  4.293516E-17
7238.25601706005  2.897737E-17
7240.25829479483  9.280588E-18
7242.26057252961  -1.010839E-17
7244.26285026439  1.915368E-17
7246.26512799917  2.688868E-17
7248.26740573395  2.730239E-17
7250.26968346873  3.424133E-17
7252.27196120352  3.221705E-17
7254.27423893829  2.222986E-17
7256.27651667307  2.995715E-17
7258.27879440786  4.715504E-17
7260.28107214264  5.548406E-17
7262.28334987742  3.487641E-17
7264.2856276122  3.536656E-17
7266.28790534698  2.150689E-17
7268.29018308176  3.534277E-17
7270.29246081654  4.474821E-17
7272.29473855132  2.600166E-18
7274.2970162861  2.506847E-18
7276.29929402088  2.157022E-17
7278.30157175566  2.378575E-17
