4356.6022625338  1.037519E-16
4358.6010080242  1.077120E-16
4360.5997535146  1.605853E-16
4362.598499005  1.507945E-16
4364.5972444954  1.278410E-16
4366.5959899858  1.449164E-16
4368.5947354762  1.611941E-16
4370.5934809666  1.381456E-16
4372.592226457  1.414634E-16
4374.5909719474  1.678382E-16
4376.5897174378  1.645538E-16
4378.5884629282  1.568653E-16
4380.5872084186  1.283578E-16
4382.585953909  1.424367E-16
4384.5846993994  1.604505E-16
4386.5834448898  1.940405E-16
4388.5821903802  1.863841E-16
4390.5809358706  2.090245E-16
4392.579681361  1.703137E-16
4394.5784268514  1.834064E-16
4396.5771723418  1.764314E-16
4398.5759178322  1.800831E-16
4400.5746633226  1.584204E-16
4402.573408813  2.102788E-16
4404.5721543034  1.695156E-16
4406.5708997938  2.237530E-16
4408.5696452842  2.335859E-16
4410.5683907746  1.802438E-16
4412.567136265  1.680636E-16
4414.5658817554  1.658682E-16
4416.5646272458  2.146904E-16
4418.5633727362  1.828049E-16
4420.5621182266  1.686698E-16
4422.560863717  1.730812E-16
4424.5596092074  1.208390E-16
4426.5583546978  1.183894E-16
4428.5571001882  1.949727E-16
4430.5558456786  2.036824E-16
4432.554591169  1.713502E-16
4434.5533366594  1.600171E-16
4436.55208214979  1.748491E-16
4438.55082764019  2.074614E-16
4440.5495731306  2.020292E-16
4442.54831862099  1.571092E-16
4444.5470641114  1.417826E-16
4446.5458096018  1.258302E-16
4448.5445550922  1.711759E-16
4450.5433005826  1.474824E-16
4452.54204607299  1.752406E-16
4454.5407915634  1.801785E-16
4456.53953705379  2.071374E-16
4458.5382825442  1.842835E-16
4460.53702803459  1.749682E-16
4462.53577352499  1.435985E-16
4464.53451901539  1.596013E-16
4466.53326450579  1.590954E-16
4468.53200999619  1.624334E-16
4470.53075548659  1.548544E-16
4472.52950097699  1.892070E-16
4474.52824646739  1.529724E-16
4476.52699195779  1.613286E-16
4478.52573744819  1.666934E-16
4480.52448293859  1.627421E-16
4482.52322842899  1.519950E-16
4484.52197391939  1.403306E-16
4486.52071940979  1.829691E-16
4488.51946490019  1.568271E-16
4490.51821039059  1.363511E-16
4492.51695588099  1.735622E-16
4494.51570137139  2.117554E-16
4496.51444686179  2.592453E-16
4498.51319235219  2.160948E-16
4500.51193784259  1.689400E-16
4502.51068333299  1.439804E-16
4504.50942882339  1.892223E-16
4506.50817431379  1.440282E-16
4508.50691980419  1.539188E-16
4510.50566529459  1.628385E-16
4512.50441078499  1.612097E-16
4514.50315627539  1.449859E-16
4516.50190176579  1.468624E-16
4518.50064725619  1.913010E-16
4520.49939274659  1.721629E-16
4522.49813823699  1.616925E-16
4524.49688372739  1.960917E-16
4526.49562921779  1.918069E-16
4528.49437470819  1.793331E-16
4530.49312019859  1.852227E-16
4532.49186568899  1.667618E-16
4534.49061117939  1.631098E-16
4536.48935666979  1.609481E-16
4538.48810216019  1.614004E-16
4540.48684765059  1.673822E-16
4542.48559314099  1.652369E-16
4544.48433863139  1.630547E-16
4546.48308412179  1.612174E-16
4548.48182961219  1.708947E-16
4550.48057510259  1.646228E-16
4552.47932059299  1.373902E-16
4554.47806608339  1.501962E-16
4556.47681157379  1.663438E-16
4558.47555706419  1.575948E-16
4560.47430255459  1.812119E-16
4562.47304804499  1.953255E-16
4564.47179353539  1.676344E-16
4566.47053902579  1.685746E-16
4568.46928451619  1.635248E-16
4570.46803000659  1.629738E-16
4572.46677549699  1.671925E-16
4574.46552098739  1.777046E-16
4576.46426647779  1.767532E-16
4578.46301196819  1.710484E-16
4580.46175745859  1.605931E-16
4582.46050294899  1.734660E-16
4584.45924843939  1.818880E-16
4586.45799392979  1.854428E-16
4588.45673942019  1.783003E-16
4590.45548491059  1.600293E-16
4592.45423040099  1.507631E-16
4594.45297589139  1.758972E-16
4596.45172138179  1.941684E-16
4598.45046687219  1.861208E-16
4600.44921236259  1.557785E-16
4602.44795785299  1.738620E-16
4604.44670334339  1.809960E-16
4606.44544883379  1.647991E-16
4608.44419432419  1.716477E-16
4610.44293981459  1.623811E-16
4612.44168530499  1.738516E-16
4614.44043079539  1.724818E-16
4616.43917628579  1.435935E-16
4618.43792177619  1.586068E-16
4620.43666726659  2.010670E-16
4622.43541275699  1.679612E-16
4624.43415824739  1.791569E-16
4626.43290373779  1.807190E-16
4628.43164922819  1.821925E-16
4630.43039471859  1.634810E-16
4632.42914020899  1.876315E-16
4634.42788569939  1.859383E-16
4636.42663118979  1.881238E-16
4638.42537668018  2.070953E-16
4640.42412217058  1.678518E-16
4642.42286766099  1.666900E-16
4644.42161315138  1.702406E-16
4646.42035864179  1.801677E-16
4648.41910413218  1.858263E-16
4650.41784962258  1.636276E-16
4652.41659511299  1.707742E-16
4654.41534060339  1.492978E-16
4656.41408609379  1.644781E-16
4658.41283158419  1.720502E-16
4660.41157707459  1.763024E-16
4662.41032256499  1.762656E-16
4664.40906805538  1.876174E-16
4666.40781354578  1.800338E-16
4668.40655903618  1.748151E-16
4670.40530452658  1.834974E-16
4672.40405001698  1.806764E-16
4674.40279550738  1.673597E-16
4676.40154099778  1.877526E-16
4678.40028648818  1.718420E-16
4680.39903197858  2.027371E-16
4682.39777746898  1.899463E-16
4684.39652295938  1.764629E-16
4686.39526844978  1.658506E-16
4688.39401394018  1.548771E-16
4690.39275943058  1.897290E-16
4692.39150492098  1.709681E-16
4694.39025041138  1.550552E-16
4696.38899590178  1.714524E-16
4698.38774139218  1.670789E-16
4700.38648688258  1.605526E-16
4702.38523237298  1.852103E-16
4704.38397786338  1.749256E-16
4706.38272335378  1.693272E-16
4708.38146884418  1.764434E-16
4710.38021433458  1.675757E-16
4712.37895982498  1.577164E-16
4714.37770531538  1.569068E-16
4716.37645080578  1.595078E-16
4718.37519629618  1.672654E-16
4720.37394178658  1.714743E-16
4722.37268727698  1.725298E-16
4724.37143276738  1.810826E-16
4726.37017825778  1.613744E-16
4728.36892374818  1.861380E-16
4730.36766923858  1.867889E-16
4732.36641472898  1.537884E-16
4734.36516021938  1.737424E-16
4736.36390570978  1.682321E-16
4738.36265120018  1.665036E-16
4740.36139669058  1.545510E-16
4742.36014218098  1.604558E-16
4744.35888767138  1.709719E-16
4746.35763316178  1.574651E-16
4748.35637865218  1.630177E-16
4750.35512414258  1.624128E-16
4752.35386963298  1.693380E-16
4754.35261512338  1.741127E-16
4756.35136061378  1.696708E-16
4758.35010610418  1.688714E-16
4760.34885159458  1.721427E-16
4762.34759708498  1.775848E-16
4764.34634257538  1.751012E-16
4766.34508806578  1.613016E-16
4768.34383355618  1.679777E-16
4770.34257904658  1.819778E-16
4772.34132453698  1.865614E-16
4774.34007002738  1.793412E-16
4776.33881551778  1.536085E-16
4778.33756100818  1.643586E-16
4780.33630649858  1.776728E-16
4782.33505198898  1.839296E-16
4784.33379747938  1.750647E-16
4786.33254296978  1.614715E-16
4788.33128846018  1.871131E-16
4790.33003395058  1.837453E-16
4792.32877944098  1.747732E-16
4794.32752493138  1.734744E-16
4796.32627042178  1.840102E-16
4798.32501591218  1.777811E-16
4800.32376140258  1.710268E-16
4802.32250689298  1.595492E-16
4804.32125238338  1.667845E-16
4806.31999787378  1.749525E-16
4808.31874336418  1.702237E-16
4810.31748885458  1.631222E-16
4812.31623434498  1.698322E-16
4814.31497983538  1.636043E-16
4816.31372532578  1.660731E-16
4818.31247081618  1.603523E-16
4820.31121630658  1.791119E-16
4822.30996179698  1.771971E-16
4824.30870728738  1.544474E-16
4826.30745277778  1.651784E-16
4828.30619826818  1.594684E-16
4830.30494375858  1.641076E-16
4832.30368924898  1.676226E-16
4834.30243473938  1.637541E-16
4836.30118022978  1.633844E-16
4838.29992572018  1.615062E-16
4840.29867121058  1.535215E-16
4842.29741670097  1.769859E-16
4844.29616219138  1.877232E-16
4846.29490768177  1.739042E-16
4848.29365317218  1.782091E-16
4850.29239866257  1.834798E-16
4852.29114415297  1.660793E-16
4854.28988964337  1.519586E-16
4856.28863513378  1.723694E-16
4858.28738062417  1.691975E-16
4860.28612611458  1.637673E-16
4862.28487160497  1.616648E-16
4864.28361709537  1.714198E-16
4866.28236258577  1.680200E-16
4868.28110807617  1.664263E-16
4870.27985356657  1.615073E-16
4872.27859905697  1.642884E-16
4874.27734454737  1.814206E-16
4876.27609003777  1.604949E-16
4878.27483552817  1.413787E-16
4880.27358101857  1.515634E-16
4882.27232650897  1.688486E-16
4884.27107199937  1.500450E-16
4886.26981748977  1.575290E-16
4888.26856298017  1.615533E-16
4890.26730847057  1.574501E-16
4892.26605396097  1.596548E-16
4894.26479945137  1.503115E-16
4896.26354494177  1.590584E-16
4898.26229043217  1.705471E-16
4900.26103592257  1.609731E-16
4902.25978141297  1.556032E-16
4904.25852690337  1.697409E-16
4906.25727239377  1.688051E-16
4908.25601788417  1.538410E-16
4910.25476337457  1.675158E-16
4912.25350886497  1.648674E-16
4914.25225435537  1.751364E-16
4916.25099984577  1.650250E-16
4918.24974533617  1.551502E-16
4920.24849082657  1.602270E-16
4922.24723631697  1.654601E-16
4924.24598180737  1.767682E-16
4926.24472729777  1.715365E-16
4928.24347278817  1.616880E-16
4930.24221827857  1.686940E-16
4932.24096376897  1.529731E-16
4934.23970925937  1.578950E-16
4936.23845474977  1.688156E-16
4938.23720024017  1.693600E-16
4940.23594573057  1.842778E-16
4942.23469122097  1.677027E-16
4944.23343671137  1.526928E-16
4946.23218220177  1.743823E-16
4948.23092769217  1.789214E-16
4950.22967318257  1.706034E-16
4952.22841867297  1.618151E-16
4954.22716416337  1.542610E-16
4956.22590965377  1.542911E-16
4958.22465514417  1.538974E-16
4960.22340063457  1.517929E-16
4962.22214612497  1.515866E-16
4964.22089161537  1.599248E-16
4966.21963710577  1.675630E-16
4968.21838259617  1.504611E-16
4970.21712808657  1.614587E-16
4972.21587357697  1.588771E-16
4974.21461906737  1.439203E-16
4976.21336455777  1.592539E-16
4978.21211004817  1.568013E-16
4980.21085553857  1.766150E-16
4982.20960102897  1.703856E-16
4984.20834651937  1.704103E-16
4986.20709200977  1.551923E-16
4988.20583750017  1.613413E-16
4990.20458299057  1.752084E-16
4992.20332848097  1.733655E-16
4994.20207397137  1.512477E-16
4996.20081946177  1.450189E-16
4998.19956495217  1.555387E-16
5000.19831044257  1.497958E-16
5002.19705593297  1.594618E-16
5004.19580142337  1.636585E-16
5006.19454691377  1.689562E-16
5008.19329240417  1.495222E-16
5010.19203789457  1.555475E-16
5012.19078338497  1.628252E-16
5014.18952887537  1.408397E-16
5016.18827436577  1.458465E-16
5018.18701985617  1.415281E-16
5020.18576534657  1.544281E-16
5022.18451083697  1.546674E-16
5024.18325632737  1.528359E-16
5026.18200181777  1.356009E-16
5028.18074730817  1.376499E-16
5030.17949279857  2.025638E-16
5032.17823828897  3.187947E-16
5034.17698377937  3.590179E-16
5036.17572926977  3.574443E-16
5038.17447476017  2.682343E-16
5040.17322025057  1.460650E-16
5042.17196574097  1.190441E-16
5044.17071123137  1.353562E-16
5046.16945672177  1.442031E-16
5048.16820221217  1.556705E-16
5050.16694770257  1.547884E-16
5052.16569319297  1.490539E-16
5054.16443868337  1.412509E-16
5056.16318417376  1.358453E-16
5058.16192966416  1.365151E-16
5060.16067515457  1.428395E-16
5062.15942064497  1.443148E-16
5064.15816613536  1.351663E-16
5066.15691162576  1.525551E-16
5068.15565711616  1.570632E-16
5070.15440260656  1.417478E-16
5072.15314809696  1.446745E-16
5074.15189358736  1.669449E-16
5076.15063907777  1.717741E-16
5078.14938456816  1.587053E-16
5080.14813005856  1.483116E-16
5082.14687554896  1.568407E-16
5084.14562103936  1.482588E-16
5086.14436652976  1.554204E-16
5088.14311202016  1.578203E-16
5090.14185751056  1.532193E-16
5092.14060300096  1.660163E-16
5094.13934849136  1.542914E-16
5096.13809398176  1.471330E-16
5098.13683947216  1.537160E-16
5100.13558496256  1.590432E-16
5102.13433045296  1.485366E-16
5104.13307594336  1.617493E-16
5106.13182143376  1.631777E-16
5108.13056692416  1.578012E-16
5110.12931241456  1.607675E-16
5112.12805790496  1.572334E-16
5114.12680339536  1.485956E-16
5116.12554888576  1.433043E-16
5118.12429437616  1.451963E-16
5120.12303986656  1.509299E-16
5122.12178535696  1.472829E-16
5124.12053084736  1.537661E-16
5126.11927633776  1.595546E-16
5128.11802182816  1.484404E-16
5130.11676731856  1.730613E-16
5132.11551280896  2.370005E-16
5134.11425829936  2.911799E-16
5136.11300378976  3.144689E-16
5138.11174928016  2.671645E-16
5140.11049477056  2.122483E-16
5142.10924026096  1.665787E-16
5144.10798575136  1.600798E-16
5146.10673124176  1.625535E-16
5148.10547673216  1.548814E-16
5150.10422222256  1.663226E-16
5152.10296771296  1.528688E-16
5154.10171320336  1.557665E-16
5156.10045869376  1.508042E-16
5158.09920418416  1.472211E-16
5160.09794967456  1.607501E-16
5162.09669516496  1.719507E-16
5164.09544065536  1.558241E-16
5166.09418614576  1.448745E-16
5168.09293163616  1.404194E-16
5170.09167712656  1.529936E-16
5172.09042261696  1.537340E-16
5174.08916810736  1.550941E-16
5176.08791359776  1.585196E-16
5178.08665908816  1.540392E-16
5180.08540457856  2.278984E-16
5182.08415006896  4.225390E-16
5184.08289555936  5.955210E-16
5186.08164104976  6.276255E-16
5188.08038654016  5.212522E-16
5190.07913203056  2.981499E-16
5192.07787752096  1.659969E-16
5194.07662301136  1.588962E-16
5196.07536850176  1.502578E-16
5198.07411399216  1.445029E-16
5200.07285948256  1.462108E-16
5202.07160497296  1.473291E-16
5204.07035046336  1.345100E-16
5206.06909595376  1.517842E-16
5208.06784144416  1.632547E-16
5210.06658693456  1.551535E-16
5212.06533242496  1.499487E-16
5214.06407791536  1.485292E-16
5216.06282340576  1.383880E-16
5218.06156889616  1.457847E-16
5220.06031438656  1.376159E-16
5222.05905987696  1.472545E-16
5224.05780536736  1.466556E-16
5226.05655085776  1.445281E-16
5228.05529634816  1.479179E-16
5230.05404183856  1.370437E-16
5232.05278732896  1.442624E-16
5234.05153281936  1.435929E-16
5236.05027830976  1.510879E-16
5238.04902380016  1.628682E-16
5240.04776929056  1.661207E-16
5242.04651478096  1.567726E-16
5244.04526027136  1.395465E-16
5246.04400576176  1.357799E-16
5248.04275125215  1.487731E-16
5250.04149674256  1.413369E-16
5252.04024223296  1.454281E-16
5254.03898772335  1.309750E-16
5256.03773321375  1.346492E-16
5258.03647870415  1.445055E-16
5260.03522419456  1.430927E-16
5262.03396968495  1.532467E-16
5264.03271517536  1.493233E-16
5266.03146066575  1.406280E-16
5268.03020615615  1.488806E-16
5270.02895164655  1.582109E-16
5272.02769713695  1.436978E-16
5274.02644262735  1.392443E-16
5276.02518811775  1.379753E-16
5278.02393360815  1.357618E-16
5280.02267909855  1.419921E-16
5282.02142458895  1.429620E-16
5284.02017007935  1.463540E-16
5286.01891556975  1.438231E-16
5288.01766106015  1.346328E-16
5290.01640655055  1.394281E-16
5292.01515204095  1.543480E-16
5294.01389753135  1.482324E-16
5296.01264302175  1.308707E-16
5298.01138851215  1.474859E-16
5300.01013400255  1.402470E-16
5302.00887949295  1.370249E-16
5304.00762498335  1.530405E-16
5306.00637047375  1.456660E-16
5308.00511596415  1.272423E-16
5310.00386145455  1.302125E-16
5312.00260694495  1.514427E-16
5314.00135243535  1.509010E-16
5316.00009792575  1.474110E-16
5317.99884341615  1.382922E-16
5319.99758890655  1.339766E-16
5321.99633439695  1.388789E-16
5323.99507988735  1.356616E-16
5325.99382537775  1.371645E-16
5327.99257086815  1.439118E-16
5329.99131635855  1.422263E-16
5331.99006184895  1.466512E-16
5333.98880733935  1.484306E-16
5335.98755282975  1.360850E-16
5337.98629832015  1.387103E-16
5339.98504381055  1.416040E-16
5341.98378930095  1.526896E-16
5343.98253479135  1.453319E-16
5345.98128028175  1.285624E-16
5347.98002577215  1.331794E-16
5349.97877126255  1.420961E-16
5351.97751675295  1.424115E-16
5353.97626224335  1.382729E-16
5355.97500773375  1.296828E-16
5357.97375322415  1.330410E-16
5359.97249871455  1.338702E-16
5361.97124420495  1.338578E-16
5363.96998969535  1.315876E-16
5365.96873518575  1.285468E-16
5367.96748067615  1.259994E-16
5369.96622616655  1.365923E-16
5371.96497165695  1.363941E-16
5373.96371714735  1.320705E-16
5375.96246263775  1.426532E-16
5377.96120812815  1.256528E-16
5379.95995361855  1.351750E-16
5381.95869910895  1.455048E-16
5383.95744459935  1.398527E-16
5385.95619008975  1.481303E-16
5387.95493558015  1.344860E-16
5389.95368107055  1.384474E-16
5391.95242656095  1.352680E-16
5393.95117205135  1.463377E-16
5395.94991754175  1.294024E-16
5397.94866303215  1.385436E-16
5399.94740852255  1.385024E-16
5401.94615401295  1.488246E-16
5403.94489950335  1.405782E-16
5405.94364499375  1.312572E-16
5407.94239048415  1.282070E-16
5409.94113597455  1.479964E-16
5411.93988146495  1.393072E-16
5413.93862695535  1.373263E-16
5415.93737244575  1.265095E-16
5417.93611793615  1.194220E-16
5419.93486342655  1.257156E-16
5421.93360891695  1.411952E-16
5423.93235440735  1.348415E-16
5425.93109989775  1.345026E-16
5427.92984538815  1.450796E-16
5429.92859087855  1.475865E-16
5431.92733636895  1.473149E-16
5433.92608185935  1.336167E-16
5435.92482734975  1.285928E-16
5437.92357284015  1.339030E-16
5439.92231833055  1.370491E-16
5441.92106382095  1.304853E-16
5443.91980931135  1.281416E-16
5445.91855480175  1.418824E-16
5447.91730029215  1.379709E-16
5449.91604578255  1.384827E-16
5451.91479127295  1.457232E-16
5453.91353676335  1.346876E-16
5455.91228225374  1.335167E-16
5457.91102774415  1.332508E-16
5459.90977323454  1.296980E-16
5461.90851872494  1.280275E-16
5463.90726421534  1.397691E-16
5465.90600970574  1.449998E-16
5467.90475519614  1.430083E-16
5469.90350068654  1.415652E-16
5471.90224617694  1.264515E-16
5473.90099166734  1.441468E-16
5475.89973715774  1.463144E-16
5477.89848264815  1.412540E-16
5479.89722813854  1.439201E-16
5481.89597362894  1.466457E-16
5483.89471911935  1.406772E-16
5485.89346460974  1.348685E-16
5487.89221010014  1.341135E-16
5489.89095559054  1.431277E-16
5491.88970108094  1.194953E-16
5493.88844657134  1.352276E-16
5495.88719206174  1.294622E-16
5497.88593755214  1.302021E-16
5499.88468304254  1.395220E-16
5501.88342853294  1.354122E-16
5503.88217402334  1.344562E-16
5505.88091951374  1.307645E-16
5507.87966500414  1.416304E-16
5509.87841049454  1.281278E-16
5511.87715598494  1.354156E-16
5513.87590147534  1.291467E-16
5515.87464696574  1.246718E-16
5517.87339245614  1.349998E-16
5519.87213794654  1.441604E-16
5521.87088343694  1.439167E-16
5523.86962892734  1.371679E-16
5525.86837441774  1.348727E-16
5527.86711990814  1.372778E-16
5529.86586539854  1.360039E-16
5531.86461088894  1.292905E-16
5533.86335637934  1.289905E-16
5535.86210186974  1.351249E-16
5537.86084736014  1.356972E-16
5539.85959285054  1.298419E-16
5541.85833834094  1.341418E-16
5543.85708383134  1.330780E-16
5545.85582932174  1.324374E-16
5547.85457481214  1.342007E-16
5549.85332030254  1.340027E-16
5551.85206579294  1.317292E-16
5553.85081128334  1.321329E-16
5555.84955677374  1.318179E-16
5557.84830226414  1.378998E-16
5559.84704775454  1.431315E-16
5561.84579324494  1.393391E-16
5563.84453873534  1.250712E-16
5565.84328422574  1.333787E-16
5567.84202971614  1.313508E-16
5569.84077520654  1.314149E-16
5571.83952069694  1.203668E-16
5573.83826618734  1.223826E-16
5575.83701167774  1.601622E-16
5577.83575716814  1.355932E-16
5579.83450265854  1.553727E-16
5581.83324814894  1.696597E-16
5583.83199363934  1.451677E-16
5585.83073912974  1.349372E-16
5587.82948462014  1.310095E-16
5589.82823011054  1.307788E-16
5591.82697560094  1.440695E-16
5593.82572109134  1.465368E-16
5595.82446658174  1.420235E-16
5597.82321207214  1.334812E-16
5599.82195756254  1.325532E-16
5601.82070305294  1.400994E-16
5603.81944854334  1.367187E-16
5605.81819403374  1.312253E-16
5607.81693952414  1.350975E-16
5609.81568501454  1.404646E-16
5611.81443050494  1.312934E-16
5613.81317599534  1.362472E-16
5615.81192148574  1.407096E-16
5617.81066697614  1.406926E-16
5619.80941246654  1.353021E-16
5621.80815795694  1.388802E-16
5623.80690344734  1.361598E-16
5625.80564893774  1.390206E-16
5627.80439442814  1.251073E-16
5629.80313991854  1.306214E-16
5631.80188540894  1.320710E-16
5633.80063089934  1.282073E-16
5635.79937638974  1.205405E-16
5637.79812188014  1.157542E-16
5639.79686737054  1.258412E-16
5641.79561286094  1.191727E-16
5643.79435835134  1.310449E-16
5645.79310384174  1.304882E-16
5647.79184933214  1.394477E-16
5649.79059482254  1.429509E-16
5651.78934031294  1.367491E-16
5653.78808580334  1.385674E-16
5655.78683129373  1.325003E-16
5657.78557678413  1.330160E-16
5659.78432227454  1.356472E-16
5661.78306776493  1.334078E-16
5663.78181325533  1.405880E-16
5665.78055874574  1.329736E-16
5667.77930423613  1.238806E-16
5669.77804972653  1.296858E-16
5671.77679521693  1.273917E-16
5673.77554070733  1.252658E-16
5675.77428619773  1.237556E-16
5677.77303168813  1.358061E-16
5679.77177717853  1.348659E-16
5681.77052266893  1.326379E-16
5683.76926815933  1.449782E-16
5685.76801364973  1.328250E-16
5687.76675914013  1.144631E-16
5689.76550463053  1.321819E-16
5691.76425012093  1.313488E-16
5693.76299561133  1.445250E-16
5695.76174110173  1.313733E-16
5697.76048659213  1.344991E-16
5699.75923208253  1.318661E-16
5701.75797757293  1.256184E-16
5703.75672306333  1.373453E-16
5705.75546855373  1.347294E-16
5707.75421404413  1.300021E-16
5709.75295953453  1.289148E-16
5711.75170502493  1.295326E-16
5713.75045051533  1.177760E-16
5715.74919600573  1.309509E-16
5717.74794149613  1.302004E-16
5719.74668698653  1.216932E-16
5721.74543247693  1.306275E-16
5723.74417796733  1.360221E-16
5725.74292345773  1.287553E-16
5727.74166894813  1.247106E-16
5729.74041443853  1.291580E-16
5731.73915992893  1.185102E-16
5733.73790541933  1.206703E-16
5735.73665090973  1.271557E-16
5737.73539640013  1.221011E-16
5739.73414189053  1.241471E-16
5741.73288738093  1.286333E-16
5743.73163287133  1.322258E-16
5745.73037836173  1.256496E-16
5747.72912385213  1.418298E-16
5749.72786934253  1.306580E-16
5751.72661483293  1.340811E-16
5753.72536032333  1.369655E-16
5755.72410581373  1.327591E-16
5757.72285130413  1.355493E-16
5759.72159679453  1.373893E-16
5761.72034228493  1.391745E-16
5763.71908777533  1.303464E-16
5765.71783326573  1.369225E-16
5767.71657875613  1.345947E-16
5769.71532424653  1.400154E-16
5771.71406973693  1.326212E-16
5773.71281522733  1.215186E-16
5775.71156071773  1.376094E-16
5777.71030620813  1.362289E-16
5779.70905169853  1.202836E-16
5781.70779718893  1.335063E-16
5783.70654267933  1.375607E-16
5785.70528816973  1.178977E-16
5787.70403366013  1.240084E-16
5789.70277915053  1.348343E-16
5791.70152464093  1.247462E-16
5793.70027013133  1.280778E-16
5795.69901562173  1.334663E-16
5797.69776111213  1.310804E-16
5799.69650660253  1.241758E-16
5801.69525209293  1.199173E-16
5803.69399758333  1.235124E-16
5805.69274307373  1.267571E-16
5807.69148856413  1.322778E-16
5809.69023405453  1.241411E-16
5811.68897954493  1.230796E-16
5813.68772503533  1.339706E-16
5815.68647052573  1.358870E-16
5817.68521601613  1.275563E-16
5819.68396150653  1.295836E-16
5821.68270699693  1.300897E-16
5823.68145248733  1.279651E-16
5825.68019797773  1.283076E-16
5827.67894346813  1.307646E-16
5829.67768895853  1.324981E-16
5831.67643444893  1.361468E-16
5833.67517993933  1.308700E-16
5835.67392542973  1.128518E-16
5837.67267092013  1.120483E-16
5839.67141641053  1.315292E-16
5841.67016190093  1.352092E-16
5843.66890739133  1.261083E-16
5845.66765288173  1.253878E-16
5847.66639837213  1.146439E-16
5849.66514386253  1.237781E-16
5851.66388935293  1.418261E-16
5853.66263484332  1.310976E-16
5855.66138033373  1.267244E-16
5857.66012582412  1.198602E-16
5859.65887131453  1.155885E-16
5861.65761680493  1.144198E-16
5863.65636229533  1.149921E-16
5865.65510778572  1.325265E-16
5867.65385327613  1.348668E-16
5869.65259876652  1.283569E-16
5871.65134425692  1.225631E-16
5873.65008974732  1.343503E-16
5875.64883523772  1.411960E-16
5877.64758072812  1.342804E-16
5879.64632621852  1.275500E-16
5881.64507170892  1.264968E-16
5883.64381719932  1.219225E-16
5885.64256268972  1.278676E-16
5887.64130818012  1.475983E-16
5889.64005367052  1.515606E-16
5891.63879916092  1.460448E-16
5893.63754465132  1.342577E-16
5895.63629014172  1.232341E-16
5897.63503563212  1.305529E-16
5899.63378112252  1.181889E-16
5901.63252661292  1.229463E-16
5903.63127210332  1.321304E-16
5905.63001759372  1.194651E-16
5907.62876308412  1.312090E-16
5909.62750857452  1.185800E-16
5911.62625406492  1.268932E-16
5913.62499955532  1.283724E-16
5915.62374504572  1.187468E-16
5917.62249053612  1.332482E-16
5919.62123602652  1.286087E-16
5921.61998151692  1.212659E-16
5923.61872700732  1.381336E-16
5925.61747249772  1.295987E-16
5927.61621798812  1.248893E-16
5929.61496347852  1.239677E-16
5931.61370896892  1.201599E-16
5933.61245445932  1.278880E-16
5935.61119994972  1.237518E-16
5937.60994544012  1.121039E-16
5939.60869093052  1.145562E-16
5941.60743642092  1.239115E-16
5943.60618191132  1.262956E-16
5945.60492740172  1.171346E-16
5947.60367289212  1.214556E-16
5949.60241838252  1.360699E-16
5951.60116387292  1.169292E-16
5953.59990936332  1.162117E-16
5955.59865485372  1.191740E-16
5957.59740034412  1.245774E-16
5959.59614583452  1.205080E-16
5961.59489132492  1.235359E-16
5963.59363681532  1.304666E-16
5965.59238230572  1.410813E-16
5967.59112779612  1.350183E-16
5969.58987328652  1.257667E-16
5971.58861877692  1.186698E-16
5973.58736426732  1.152211E-16
5975.58610975772  1.285360E-16
5977.58485524812  1.331033E-16
5979.58360073852  1.344218E-16
5981.58234622892  1.257098E-16
5983.58109171932  1.190206E-16
5985.57983720972  1.253467E-16
5987.57858270012  1.185720E-16
5989.57732819052  1.163500E-16
5991.57607368092  1.190500E-16
5993.57481917132  1.256295E-16
5995.57356466172  1.354162E-16
5997.57231015212  1.229252E-16
5999.57105564252  1.200897E-16
6001.56980113292  1.236801E-16
6003.56854662332  1.368797E-16
6005.56729211372  1.254685E-16
6007.56603760412  1.330782E-16
6009.56478309452  1.151722E-16
6011.56352858492  1.159039E-16
6013.56227407532  1.335574E-16
6015.56101956572  1.340111E-16
6017.55976505612  1.305934E-16
6019.55851054652  1.193816E-16
6021.55725603692  1.255293E-16
6023.55600152732  1.232928E-16
6025.55474701772  1.099381E-16
6027.55349250812  1.203834E-16
6029.55223799852  1.333531E-16
6031.55098348892  1.323571E-16
6033.54972897932  1.245472E-16
6035.54847446972  1.256112E-16
6037.54721996012  1.307715E-16
6039.54596545052  1.199840E-16
6041.54471094092  1.234824E-16
6043.54345643132  1.162462E-16
6045.54220192171  1.097609E-16
6047.54094741212  1.268494E-16
6049.53969290252  1.453686E-16
6051.53843839292  1.280190E-16
6053.53718388331  1.458161E-16
6055.53592937372  1.247677E-16
6057.53467486412  1.224660E-16
6059.53342035451  1.384561E-16
6061.53216584491  1.256149E-16
6063.53091133532  1.274225E-16
6065.52965682571  1.225624E-16
6067.52840231611  1.170287E-16
6069.52714780651  1.167779E-16
6071.52589329691  1.204829E-16
6073.52463878731  1.181781E-16
6075.52338427772  1.130182E-16
6077.52212976811  1.221546E-16
6079.52087525851  1.327423E-16
6081.51962074891  1.404821E-16
6083.51836623931  1.522530E-16
6085.51711172971  1.535550E-16
6087.51585722011  1.429747E-16
6089.51460271051  1.265195E-16
6091.51334820091  1.171138E-16
6093.51209369131  1.151776E-16
6095.51083918171  1.243653E-16
6097.50958467211  1.307547E-16
6099.50833016251  1.115673E-16
6101.50707565291  1.069754E-16
6103.50582114331  1.152678E-16
6105.50456663371  1.152330E-16
6107.50331212411  1.233266E-16
6109.50205761451  1.141592E-16
6111.50080310491  1.199815E-16
6113.49954859531  1.287684E-16
6115.49829408571  1.223786E-16
6117.49703957611  1.236373E-16
6119.49578506651  1.285494E-16
6121.49453055691  1.289193E-16
6123.49327604731  1.279184E-16
6125.49202153771  1.289814E-16
6127.49076702811  1.299300E-16
6129.48951251851  1.232356E-16
6131.48825800891  1.178623E-16
6133.48700349931  1.218057E-16
6135.48574898971  1.210606E-16
6137.48449448011  1.146873E-16
6139.48323997051  1.242569E-16
6141.48198546091  1.210502E-16
6143.48073095131  1.179983E-16
6145.47947644171  1.134253E-16
6147.47822193211  1.264082E-16
6149.47696742251  1.177394E-16
6151.47571291291  1.214353E-16
6153.47445840331  1.100615E-16
6155.47320389371  1.283437E-16
6157.47194938411  1.189018E-16
6159.47069487451  1.209040E-16
6161.46944036491  1.169376E-16
6163.46818585531  1.203055E-16
6165.46693134571  1.246048E-16
6167.46567683611  1.272686E-16
6169.46442232651  1.248202E-16
6171.46316781691  1.209562E-16
6173.46191330731  1.215495E-16
6175.46065879771  1.179936E-16
6177.45940428811  1.208020E-16
6179.45814977851  1.190109E-16
6181.45689526891  1.187225E-16
6183.45564075931  1.191238E-16
6185.45438624971  1.239493E-16
6187.45313174011  1.211811E-16
6189.45187723051  1.260246E-16
6191.45062272091  1.185458E-16
6193.44936821131  1.218836E-16
6195.44811370171  1.147270E-16
6197.44685919211  1.147149E-16
6199.44560468251  1.211046E-16
6201.44435017291  1.178341E-16
6203.44309566331  1.256241E-16
6205.44184115371  1.226053E-16
6207.44058664411  1.235600E-16
6209.43933213451  1.176452E-16
6211.43807762491  1.112934E-16
6213.43682311531  1.148523E-16
6215.43556860571  1.180540E-16
6217.43431409611  1.249910E-16
6219.43305958651  1.256823E-16
6221.43180507691  1.118946E-16
6223.43055056731  1.111793E-16
6225.42929605771  1.191945E-16
6227.42804154811  1.170007E-16
6229.42678703851  1.250389E-16
6231.42553252891  1.223720E-16
6233.42427801931  1.253506E-16
6235.42302350971  1.387382E-16
6237.42176900011  1.300271E-16
6239.42051449051  1.136520E-16
6241.41925998091  1.016152E-16
6243.41800547131  1.114275E-16
6245.41675096171  1.272058E-16
6247.4154964521  1.136242E-16
6249.41424194251  1.230172E-16
6251.41298743291  1.214242E-16
6253.41173292331  1.376963E-16
6255.4104784137  1.341478E-16
6257.40922390411  1.213480E-16
6259.4079693945  1.247269E-16
6261.4067148849  1.259214E-16
6263.4054603753  1.180357E-16
6265.40420586571  1.148458E-16
6267.4029513561  1.208436E-16
6269.4016968465  1.215927E-16
6271.40044233691  1.230447E-16
6273.3991878273  1.209702E-16
6275.3979333177  1.102564E-16
6277.3966788081  1.086561E-16
6279.3954242985  1.116891E-16
6281.3941697889  1.278678E-16
6283.3929152793  1.246191E-16
6285.3916607697  1.226846E-16
6287.3904062601  1.249198E-16
6289.3891517505  1.128235E-16
6291.3878972409  1.231326E-16
6293.3866427313  1.282269E-16
6295.3853882217  1.101321E-16
6297.3841337121  1.255118E-16
6299.3828792025  1.210290E-16
6301.3816246929  1.305763E-16
6303.3803701833  1.335637E-16
6305.3791156737  1.139093E-16
6307.3778611641  1.165436E-16
6309.3766066545  1.274447E-16
6311.3753521449  1.259067E-16
6313.3740976353  1.216348E-16
6315.3728431257  1.159189E-16
6317.3715886161  1.105412E-16
6319.3703341065  1.043693E-16
6321.3690795969  1.027758E-16
6323.3678250873  1.109524E-16
6325.3665705777  1.081010E-16
6327.3653160681  1.144114E-16
6329.3640615585  1.281886E-16
6331.3628070489  1.188691E-16
6333.3615525393  1.240098E-16
6335.3602980297  1.271993E-16
6337.3590435201  1.183395E-16
6339.3577890105  1.079227E-16
6341.3565345009  1.134410E-16
6343.3552799913  1.205761E-16
6345.3540254817  1.114264E-16
6347.3527709721  1.265587E-16
6349.3515164625  1.260587E-16
6351.3502619529  1.137866E-16
6353.3490074433  1.119018E-16
6355.3477529337  1.132577E-16
6357.3464984241  1.110988E-16
6359.3452439145  1.099714E-16
6361.3439894049  1.203658E-16
6363.3427348953  1.172668E-16
6365.3414803857  1.126191E-16
6367.3402258761  1.231531E-16
6369.3389713665  1.083021E-16
6371.3377168569  1.145953E-16
6373.3364623473  1.231590E-16
6375.3352078377  1.145904E-16
6377.3339533281  1.113387E-16
6379.3326988185  1.065773E-16
6381.3314443089  1.061062E-16
6383.3301897993  9.692533E-17
6385.3289352897  1.171399E-16
6387.3276807801  1.143711E-16
6389.3264262705  1.100718E-16
6391.3251717609  1.039188E-16
6393.3239172513  1.008238E-16
6395.3226627417  1.218168E-16
6397.3214082321  1.114469E-16
6399.3201537225  9.821194E-17
6401.3188992129  9.905888E-17
6403.3176447033  1.124186E-16
6405.3163901937  1.187027E-16
6407.3151356841  1.188101E-16
6409.3138811745  1.233849E-16
6411.3126266649  1.147674E-16
6413.3113721553  1.104095E-16
6415.3101176457  1.053564E-16
6417.3088631361  1.103350E-16
6419.3076086265  1.106360E-16
6421.3063541169  1.171726E-16
6423.3050996073  1.107592E-16
6425.3038450977  1.188791E-16
6427.3025905881  1.120530E-16
6429.3013360785  1.109298E-16
6431.3000815689  1.145403E-16
6433.2988270593  1.099032E-16
6435.2975725497  1.107470E-16
6437.2963180401  1.126190E-16
6439.2950635305  1.031149E-16
6441.2938090209  1.062289E-16
6443.2925545113  1.148598E-16
6445.2913000017  1.115967E-16
6447.29004549209  1.166995E-16
6449.2887909825  1.112722E-16
6451.2875364729  1.082357E-16
6453.28628196329  1.111635E-16
6455.2850274537  1.044885E-16
6457.2837729441  1.132301E-16
6459.2825184345  1.256115E-16
6461.2812639249  1.146486E-16
6463.28000941529  1.053964E-16
6465.2787549057  1.081454E-16
6467.27750039609  1.094000E-16
6469.2762458865  1.185373E-16
6471.27499137689  1.183708E-16
6473.27373686729  1.080206E-16
6475.27248235769  1.076452E-16
6477.27122784809  1.096033E-16
6479.26997333849  9.144272E-17
6481.26871882889  1.010739E-16
6483.26746431929  1.095119E-16
6485.2662098097  1.038596E-16
6487.26495530009  1.002915E-16
6489.26370079049  1.047446E-16
6491.26244628089  1.099580E-16
6493.26119177129  1.171602E-16
6495.25993726169  1.118004E-16
6497.25868275209  1.066495E-16
6499.25742824249  1.234904E-16
6501.25617373289  1.217522E-16
6503.25491922329  1.143091E-16
6505.25366471369  1.115409E-16
6507.25241020409  9.571300E-17
6509.25115569449  8.938002E-17
6511.24990118489  1.005829E-16
6513.24864667529  1.087863E-16
6515.24739216569  1.004365E-16
6517.24613765609  1.022124E-16
6519.24488314649  1.147210E-16
6521.24362863689  1.242841E-16
6523.24237412729  1.203642E-16
6525.24111961769  1.283402E-16
6527.23986510809  1.267394E-16
6529.23861059849  1.124071E-16
6531.23735608889  9.984446E-17
6533.23610157929  1.256849E-16
6535.23484706969  1.100339E-16
6537.23359256009  1.014308E-16
6539.23233805049  1.075634E-16
6541.23108354089  9.861226E-17
6543.22982903129  1.036055E-16
6545.22857452169  1.046987E-16
6547.22732001209  1.110156E-16
6549.22606550249  1.142324E-16
6551.22481099289  1.095441E-16
6553.22355648329  1.091781E-16
6555.22230197369  1.180131E-16
6557.22104746409  1.114305E-16
6559.21979295449  9.614495E-17
6561.21853844489  1.033930E-16
6563.21728393529  1.156341E-16
6565.21602942569  1.076244E-16
6567.21477491609  1.038887E-16
6569.21352040649  1.103747E-16
6571.21226589689  9.467582E-17
6573.21101138729  1.078574E-16
6575.20975687769  1.141184E-16
6577.20850236809  1.109150E-16
6579.20724785849  1.105493E-16
6581.20599334889  1.121207E-16
6583.20473883929  1.116949E-16
6585.20348432969  1.021102E-16
6587.20222982009  1.181200E-16
6589.20097531049  1.249828E-16
6591.19972080089  1.171518E-16
6593.19846629129  1.109504E-16
6595.19721178169  1.195715E-16
6597.19595727209  1.134611E-16
6599.19470276249  1.059410E-16
6601.19344825289  1.100515E-16
6603.19219374329  1.103095E-16
6605.19093923369  1.080460E-16
6607.18968472409  1.138349E-16
6609.18843021449  1.148061E-16
6611.18717570489  1.097172E-16
6613.18592119529  1.053616E-16
6615.18466668569  1.111893E-16
6617.18341217609  1.181653E-16
6619.18215766649  1.068137E-16
6621.18090315689  1.002581E-16
6623.17964864729  1.044651E-16
6625.17839413769  1.020607E-16
6627.17713962809  9.883502E-17
6629.17588511849  9.566385E-17
6631.17463060889  9.733477E-17
6633.17337609929  1.072802E-16
6635.17212158969  1.082352E-16
6637.17086708009  1.110661E-16
6639.16961257049  1.022538E-16
6641.16835806089  1.075383E-16
6643.16710355129  1.081456E-16
6645.16584904168  1.014502E-16
6647.16459453209  1.055603E-16
6649.16334002249  1.001676E-16
6651.16208551289  9.967595E-17
6653.16083100329  1.072798E-16
6655.15957649369  1.086181E-16
6657.15832198408  1.201143E-16
6659.15706747448  1.115488E-16
6661.15581296488  1.112321E-16
6663.15455845528  1.097712E-16
6665.15330394568  9.699251E-17
6667.15204943608  1.039971E-16
6669.15079492648  1.203167E-16
6671.14954041688  1.072984E-16
6673.14828590729  1.037721E-16
6675.14703139769  1.117326E-16
6677.14577688808  9.791804E-17
6679.14452237848  9.646699E-17
6681.14326786888  1.083504E-16
6683.14201335928  1.053973E-16
6685.14075884968  8.614316E-17
6687.13950434008  9.273941E-17
6689.13824983048  9.453138E-17
6691.13699532088  1.005208E-16
6693.13574081128  1.031413E-16
6695.13448630168  9.732282E-17
6697.13323179208  1.022499E-16
6699.13197728248  9.904029E-17
6701.13072277288  1.089019E-16
6703.12946826328  1.042091E-16
6705.12821375368  9.905999E-17
6707.12695924408  1.050188E-16
6709.12570473448  9.888953E-17
6711.12445022488  1.031912E-16
6713.12319571528  9.532099E-17
6715.12194120568  9.032328E-17
6717.12068669608  1.049427E-16
6719.11943218648  1.159410E-16
6721.11817767688  1.049131E-16
6723.11692316728  1.101033E-16
6725.11566865768  1.059051E-16
6727.11441414808  9.382336E-17
6729.11315963848  9.719786E-17
6731.11190512888  1.000870E-16
6733.11065061928  9.954589E-17
6735.10939610968  1.080083E-16
6737.10814160008  1.154806E-16
6739.10688709048  1.103649E-16
6741.10563258088  1.009222E-16
6743.10437807128  9.722624E-17
6745.10312356168  1.055541E-16
6747.10186905208  1.101662E-16
6749.10061454248  1.038565E-16
6751.09936003288  1.068997E-16
6753.09810552328  1.086271E-16
6755.09685101368  1.066795E-16
6757.09559650408  9.683237E-17
6759.09434199448  9.606326E-17
6761.09308748488  9.203103E-17
6763.09183297528  9.602720E-17
6765.09057846568  1.044448E-16
6767.08932395608  1.001111E-16
6769.08806944648  1.046806E-16
6771.08681493688  1.144757E-16
6773.08556042728  9.864364E-17
6775.08430591768  1.028442E-16
6777.08305140808  1.139080E-16
6779.08179689848  1.227623E-16
6781.08054238888  1.245146E-16
6783.07928787928  1.324392E-16
6785.07803336968  1.276117E-16
6787.07677886008  1.151318E-16
6789.07552435048  1.189275E-16
6791.07426984088  2.015274E-16
6793.07301533128  4.722486E-16
6795.07176082168  7.124378E-16
6797.07050631208  7.703209E-16
6799.06925180248  6.448209E-16
6801.06799729288  3.716590E-16
6803.06674278328  1.626920E-16
6805.06548827368  1.042183E-16
6807.06423376408  1.016122E-16
6809.06297925448  1.026577E-16
6811.06172474488  1.021663E-16
6813.06047023528  1.189729E-16
6815.05921572568  1.579163E-16
6817.05796121608  1.804153E-16
6819.05670670648  1.746807E-16
6821.05545219688  1.631718E-16
6823.05419768728  1.317776E-16
6825.05294317768  1.118851E-16
6827.05168866808  1.109664E-16
6829.05043415848  1.036722E-16
6831.04917964888  1.055201E-16
6833.04792513927  1.027601E-16
6835.04667062968  9.904021E-17
6837.04541612008  1.034366E-16
6839.04416161048  1.078191E-16
6841.04290710088  1.124960E-16
6843.04165259128  1.099155E-16
6845.04039808168  1.038046E-16
6847.03914357208  1.001164E-16
6849.03788906248  9.519700E-17
6851.03663455288  9.711075E-17
6853.03538004328  9.039465E-17
6855.03412553368  1.126651E-16
6857.03287102407  9.897202E-17
6859.03161651447  1.007630E-16
6861.03036200487  1.121552E-16
6863.02910749527  9.384324E-17
6865.02785298567  1.031995E-16
6867.02659847607  1.097558E-16
6869.02534396648  1.092520E-16
6871.02408945687  8.317257E-17
6873.02283494727  9.587535E-17
6875.02158043767  9.937248E-17
6877.02032592807  1.007979E-16
6879.01907141847  9.629104E-17
6881.01781690888  9.707863E-17
6883.01656239927  1.006433E-16
6885.01530788967  9.756121E-17
6887.01405338007  9.947708E-17
6889.01279887047  9.442786E-17
6891.01154436087  8.296223E-17
6893.01028985127  1.061141E-16
6895.00903534167  1.044003E-16
6897.00778083207  8.805867E-17
6899.00652632247  9.522330E-17
6901.00527181287  9.498663E-17
6903.00401730327  1.125989E-16
6905.00276279367  1.064673E-16
6907.00150828407  1.019371E-16
6909.00025377447  1.038684E-16
6910.99899926487  1.017390E-16
6912.99774475527  9.536557E-17
6914.99649024567  1.001280E-16
6916.99523573607  1.015828E-16
6918.99398122647  1.006407E-16
6920.99272671687  1.079491E-16
6922.99147220727  1.048612E-16
6924.99021769767  1.052616E-16
6926.98896318807  1.094850E-16
6928.98770867847  1.151832E-16
6930.98645416887  1.133572E-16
6932.98519965927  1.119773E-16
6934.98394514967  8.816663E-17
6936.98269064007  1.001661E-16
6938.98143613047  1.151776E-16
6940.98018162087  9.198487E-17
6942.97892711127  1.013750E-16
6944.97767260167  1.051379E-16
6946.97641809207  1.061778E-16
6948.97516358247  1.126698E-16
6950.97390907287  1.453161E-16
6952.97265456327  2.078927E-16
6954.97140005367  2.324730E-16
6956.97014554407  2.285372E-16
6958.96889103447  1.852536E-16
6960.96763652487  1.353273E-16
6962.96638201527  1.059943E-16
6964.96512750567  1.087472E-16
6966.96387299607  1.495784E-16
6968.96261848647  1.913691E-16
6970.96136397687  1.979624E-16
6972.96010946727  1.922533E-16
6974.95885495767  1.514619E-16
6976.95760044807  1.246155E-16
6978.95634593847  1.060361E-16
6980.95509142887  9.733373E-17
6982.95383691927  9.435852E-17
6984.95258240967  9.885193E-17
6986.95132790007  9.611749E-17
6988.95007339047  9.688792E-17
6990.94881888087  9.012914E-17
6992.94756437127  8.472220E-17
6994.94630986167  8.692317E-17
6996.94505535207  9.937376E-17
6998.94380084247  1.002361E-16
7000.94254633287  9.791647E-17
7002.94129182327  1.021500E-16
7004.94003731367  9.872726E-17
7006.93878280407  9.791632E-17
7008.93752829447  9.812751E-17
7010.93627378487  9.596405E-17
7012.93501927527  9.765653E-17
7014.93376476567  9.499783E-17
7016.93251025607  1.027370E-16
7018.93125574647  1.103674E-16
7020.93000123687  9.836805E-17
7022.92874672727  1.021907E-16
7024.92749221767  9.430551E-17
7026.92623770807  9.742613E-17
7028.92498319847  9.939388E-17
7030.92372868887  8.882982E-17
7032.92247417927  9.021312E-17
7034.92121966967  9.148751E-17
7036.91996516007  1.000354E-16
7038.91871065047  9.829054E-17
7040.91745614087  9.677727E-17
7042.91620163127  9.817825E-17
7044.91494712167  9.096264E-17
7046.91369261206  9.128770E-17
7048.91243810247  9.135122E-17
7050.91118359287  1.088460E-16
7052.90992908327  1.124069E-16
7054.90867457366  9.220070E-17
7056.90742006407  8.486172E-17
7058.90616555447  8.079053E-17
7060.90491104487  9.072354E-17
7062.90365653527  1.005733E-16
7064.90240202566  1.009993E-16
7066.90114751607  9.359746E-17
7068.89989300646  9.371079E-17
7070.89863849686  1.033535E-16
7072.89738398726  1.045607E-16
7074.89612947766  9.762399E-17
7076.89487496806  1.014298E-16
7078.89362045846  1.018787E-16
7080.89236594886  1.030812E-16
7082.89111143927  9.414806E-17
7084.88985692966  9.963745E-17
7086.88860242006  1.064711E-16
7088.88734791046  1.018198E-16
7090.88609340086  9.551542E-17
7092.88483889126  8.899367E-17
7094.88358438166  8.768793E-17
7096.88232987206  9.185790E-17
7098.88107536246  9.341611E-17
7100.87982085286  8.641821E-17
7102.87856634326  9.385132E-17
7104.87731183366  1.050926E-16
7106.87605732406  9.094713E-17
7108.87480281446  8.866052E-17
7110.87354830486  8.903982E-17
7112.87229379526  9.209013E-17
7114.87103928566  1.102320E-16
7116.86978477606  1.081600E-16
7118.86853026646  1.041905E-16
7120.86727575686  9.413166E-17
7122.86602124726  8.609275E-17
7124.86476673766  1.008396E-16
7126.86351222806  1.066304E-16
7128.86225771846  1.096843E-16
7130.86100320886  1.029468E-16
7132.85974869926  9.433808E-17
7134.85849418966  1.068471E-16
7136.85723968006  1.076948E-16
7138.85598517046  9.817118E-17
7140.85473066086  9.209867E-17
7142.85347615126  1.074531E-16
7144.85222164166  9.542315E-17
7146.85096713206  9.757215E-17
7148.84971262246  8.787451E-17
7150.84845811286  9.368174E-17
7152.84720360326  1.013160E-16
7154.84594909366  9.382988E-17
7156.84469458406  8.704503E-17
7158.84344007446  8.736775E-17
7160.84218556486  1.024379E-16
7162.84093105526  9.071303E-17
7164.83967654566  9.288905E-17
7166.83842203606  1.003333E-16
7168.83716752646  8.803741E-17
7170.83591301686  9.463599E-17
7172.83465850726  9.016965E-17
7174.83340399766  8.198515E-17
7176.83214948806  8.830101E-17
7178.83089497846  9.506190E-17
7180.82964046886  9.671828E-17
7182.82838595926  1.010820E-16
7184.82713144966  9.907244E-17
7186.82587694006  9.700599E-17
7188.82462243046  9.227067E-17
7190.82336792086  8.999669E-17
7192.82211341126  1.000078E-16
7194.82085890166  9.033553E-17
7196.81960439206  9.391858E-17
7198.81834988246  1.027822E-16
7200.81709537286  8.587032E-17
7202.81584086326  8.470006E-17
7204.81458635366  1.074737E-16
7206.81333184406  9.789857E-17
7208.81207733446  9.569751E-17
7210.81082282486  9.864044E-17
7212.80956831526  9.685451E-17
7214.80831380566  8.494913E-17
7216.80705929606  1.011592E-16
7218.80580478646  1.144299E-16
7220.80455027686  1.047126E-16
7222.80329576726  8.478218E-17
7224.80204125766  8.943172E-17
7226.80078674806  1.025753E-16
7228.79953223846  1.066038E-16
7230.79827772886  9.670132E-17
7232.79702321926  8.012410E-17
7234.79576870966  9.089967E-17
7236.79451420006  9.932670E-17
7238.79325969046  8.392925E-17
7240.79200518086  1.044400E-16
7242.79075067126  8.682643E-17
7244.78949616166  8.969878E-17
7246.78824165206  9.558314E-17
7248.78698714246  9.049672E-17
7250.78573263285  8.111909E-17
7252.78447812326  1.000256E-16
7254.78322361365  9.767064E-17
7256.78196910406  8.162760E-17
7258.78071459445  1.084444E-16
7260.77946008485  9.575956E-17
7262.77820557525  1.050118E-16
7264.77695106566  1.115842E-16
7266.77569655605  8.982826E-17
7268.77444204645  8.641575E-17
7270.77318753685  9.406982E-17
7272.77193302726  1.092242E-16
