R9BHB  LON,LAT,size  -62.163777351379395 -38.71608853340149 916
338.527679 1046
338.527888 1280
338.528054 1536
338.528221 1792
338.528721 2384
338.529971 2048
338.530346 1792
338.530554 1536
338.532888 427
338.536888 1478
338.537721 1280
338.546471 -1303
338.546804 -1536
338.548929 -1940
338.551388 -1536
338.553513 -1280
338.849137 1285
338.849887 1656
338.851971 1532
338.880096 1307
338.881554 1648
338.882346 1496
339.226179 1281
339.226387 1544
339.227262 1524
339.266054 1308
339.266387 1536
339.266637 1792
339.26747 2496
339.268345 2048
339.268512 1792
339.26872 1536
339.277304 -1536
339.279304 -2032
339.280012 -1536
339.754762 1290
339.755137 1612
339.755553 1516
340.699344 1303
340.699803 1752
340.700386 1504
341.249511 1306
341.249761 1536
341.250136 1792
341.251427 2192
341.251969 2048
341.252177 1792
341.252469 1536
341.257427 -1281
341.257969 -1636
341.259719 -1536
341.449427 1316
341.449927 1548
341.450635 1524
346.800715 1300
346.801048 1536
346.801548 1968
346.802423 1652
346.803465 1848
346.80409 1792
346.804465 1532
353.205086 1521
353.205669 992
363.799537 1309
363.799703 1536
363.799912 1792
363.80012 2048
363.80062 2560
363.800953 3072
363.801245 3616
363.802537 3291
363.802703 3072
363.805495 2036
363.805745 1792
363.80687 1536
363.807328 1280
363.814411 -1291
363.81487 -1536
363.818536 -1820
363.821245 -1444
363.82387 -1620
363.824578 -1536
363.826453 -1280
363.974536 1289
363.978078 1536
363.98012 1892
363.98062 1792
363.982203 1516
365.214161 1421
365.215994 1280
365.296869 -1307
365.300744 -1728
365.302535 -1536
365.381577 1293
365.381952 1536
365.383369 1792
365.38566 2072
365.386369 2048
365.387744 1792
365.388077 1504
365.397994 1358
365.398869 1017
366.353118 1282
366.353493 1536
366.354118 1792
366.354451 2048
366.355201 2600
366.356993 2560
366.357493 2048
366.35791 1792
366.359076 1520
366.524035 1288
366.524826 1576
366.527035 1532
367.342117 1290
367.342284 1536
367.342409 1792
367.342576 2048
367.342867 2608
367.344867 2560
367.344992 2048
367.345159 1792
367.345409 1472
369.236783 1304
369.237283 1724
369.237866 1480
369.259866 1314
369.260074 1536
369.260783 1936
369.262533 1792
369.262783 1488
369.269366 1511
369.269908 1280
369.282616 -1281
369.286491 -1536
369.290074 -1936
369.290616 -1536
369.297658 -1280
369.403116 1026
369.405033 1500
369.405699 1022
369.429491 1030
369.430158 1280
369.432741 1009
369.434949 1282
369.435616 1536
369.436366 1268
377.662277 1343
377.669235 1280
377.696443 -1283
377.697235 -1640
377.697985 -1520
379.157609 -1286
379.159442 -1624
379.159942 -1536
379.165442 1285
379.167734 1772
379.170192 1536
379.325109 -1289
379.325692 -1580
379.326317 -1496
382.476065 -1336
382.477565 -1140
389.719643 -1026
389.720227 -1448
389.720935 -1240
390.759268 -1331
390.759643 -1652
390.760143 -1504
398.100887 -1326
398.101054 -1536
398.101221 -1792
398.101346 -2048
398.101679 -2560
398.102262 -3288
398.102971 -3072
398.103304 -2560
398.103512 -2048
398.103762 -1536
398.104012 -1276
398.279471 -1445
398.283554 -1212
516.047305 -1043
516.04893 -1396
516.051097 -1280
516.215805 1042
516.217721 1512
516.219763 1280
865.937768 -1319
865.937977 -1536
865.938602 -2016
865.940852 -1536
865.942102 -1280
866.104768 1281
866.10506 1536
866.105518 1972
866.107643 1792
866.107977 1536
866.120352 -1536
866.122643 -2028
866.124685 -1532
866.134143 -1037
866.134768 -1344
866.13556 -1208
866.256351 -1325
866.25656 -1536
866.25681 -1792
866.257018 -2048
866.257893 -2744
866.258518 -2560
866.258643 -2048
866.258726 -1536
866.258851 -1232
866.272351 -1283
866.272518 -1536
866.272768 -1792
866.273851 -2528
866.27456 -2048
866.274726 -1536
866.274851 -1280
866.283101 643
866.284226 1394
866.287518 327
866.29106 -1282
866.291393 -1536
866.292018 -2044
866.292893 -1536
866.293143 -1240
866.318185 -1281
866.318768 -1580
866.319268 -1456
866.323643 -1281
866.323768 -1536
866.323893 -1792
866.324351 -2544
866.32506 -2048
866.325226 -1536
866.325393 -1256
866.366435 -1297
866.366601 -1536
866.366768 -1792
866.367935 -2048
866.368851 -2664
866.369518 -2560
866.369643 -2048
866.36981 -1536
866.369976 -1280
866.372851 1280
866.375143 1696
866.375976 1536
866.396976 -1307
866.397226 -1536
866.397726 -1868
866.39906 -1536
866.399393 -1248
866.419851 -1334
866.419976 -1536
866.420101 -1792
866.420226 -2048
866.420935 -2840
866.421851 -2560
866.422018 -2048
866.422185 -1536
866.422393 -1280
866.424685 1280
866.426935 1776
866.427685 1006
866.430435 1385
866.432143 1280
866.434393 -1030
866.43456 -1280
866.434685 -1536
866.435393 -1940
866.436476 -1536
866.436935 -1212
866.468768 -1323
866.468893 -1536
866.46906 -1792
866.46931 -2048
866.47031 -2608
866.471018 -2560
866.471226 -2048
866.471435 -1536
866.471768 -1256
866.474101 -1306
866.474476 -1536
866.475226 -1916
866.476018 -1536
866.476185 -1220
866.478393 -1312
866.478643 -1536
866.478893 -1792
866.479435 -2232
866.479935 -2048
866.480101 -1536
866.480226 -1280
866.494393 1280
866.496518 1576
866.50081 766
866.508185 -1281
866.509643 -1624
866.510268 -1520
866.512768 -1318
866.512935 -1536
866.513101 -1792
866.513268 -2048
866.513935 -2592
866.51481 -2560
866.515018 -2048
866.515226 -1536
866.515393 -1280
866.521351 1280
866.522018 1624
866.523726 1536
866.52556 -1060
866.525726 -1280
866.526185 -1708
866.52681 -1536
866.529226 1285
866.530351 1632
866.530893 1532
866.535185 1289
866.539143 1536
866.541018 1948
866.541601 1792
866.541851 1536
866.545018 -1281
866.545226 -1536
866.545435 -1792
866.54581 -2048
866.546768 -2560
866.549143 -3576
866.549976 -3072
866.550268 -2560
866.550393 -2048
866.550601 -1536
866.550893 -1280
866.55906 1284
866.560185 1536
866.560935 1880
866.562935 1792
866.564101 1536
866.568893 -1313
866.569101 -1536
866.569351 -1792
866.570185 -2512
866.570643 -2048
866.570768 -1536
866.570893 -1196
866.587893 -1304
866.58806 -1536
866.588476 -1940
866.588976 -1536
866.589185 -1240
866.592226 -1285
866.595435 -1604
866.596226 -1536
866.605101 1536
866.60706 2024
866.608393 1792
866.61281 -1317
866.612976 -1536
866.613101 -1792
866.613268 -2048
866.613601 -2560
866.613935 -3072
866.614643 -3984
866.615351 -3072
866.615518 -2560
866.615685 -2048
866.615726 -1536
866.61581 -1280
866.615851 -1024
866.616851 1293
866.617018 1536
866.617143 1792
866.61731 2048
866.617976 2768
866.618643 2560
866.61881 2048
866.618935 1792
866.619101 1536
866.62031 -1536
866.620768 -1920
866.62131 -1400
866.626018 -1055
866.627476 -1424
866.63381 1020
866.636518 -1310
866.63681 -1536
866.63781 -1792
866.639518 -2048
866.639851 -2560
866.640101 -3072
866.64031 -3584
866.640643 -4096
866.642726 -5120
866.643143 -6144
866.643476 -7168
866.643851 -8192
866.644768 -10240
866.645226 -12288
866.645518 -14336
866.645851 -16384
866.647935 -23744
866.66256 -20480
866.663476 -16384
866.664101 -12288
866.668143 -10240
866.671143 -8192
866.671643 -6144
866.672268 -5120
866.672726 -4096
866.673018 -3072
866.673143 -2560
866.673309 -2048
866.673476 -1536
866.673726 -1280
866.673809 -1024
866.673934 -768
866.674059 -640
866.675059 1331
866.675184 1536
866.675268 1792
866.675434 2048
866.675726 2560
866.676059 3072
866.676309 3584
866.676559 4096
866.677226 5120
866.677976 6144
866.678601 7168
866.679684 8192
866.683809 10240
866.685893 12288
866.689184 14336
866.692726 16448
866.714226 16330
866.718851 12251
866.720018 10240
866.721726 8192
866.722393 7168
866.723976 6144
866.729101 4432
866.730559 5120
866.731476 6144
866.733351 7920
866.735393 6976
866.736768 7168
866.743268 8224
866.746226 8192
866.746726 7168
866.747143 6144
866.747601 5120
866.748268 4096
866.748559 3584
866.748851 3072
866.749184 2560
866.750268 2048
866.750976 1672
866.752059 2028
866.754518 1672
866.756726 1792
866.760518 2048
866.761101 2560
866.761809 3072
866.762726 3856
866.764976 3584
866.766851 2752
866.769768 3456
866.771309 3072
866.772226 2560
866.773351 2048
866.773684 1792
866.777226 1536
866.779851 1068
866.781809 1280
866.782268 1536
866.783434 1792
866.784893 2048
866.785351 2560
866.787434 3144
866.788476 3072
866.789768 2560
866.790309 2048
866.790893 1792
866.791226 1536
866.791434 1228
866.794809 1295
866.795309 1536
866.795601 1792
866.796434 2208
866.797393 2048
866.798518 1792
866.798934 1504
866.803101 1282
866.803393 1536
866.803684 1792
866.804476 2048
866.805018 2560
866.807476 3072
866.809101 3744
866.811518 3584
866.812059 3072
866.812518 2560
866.812684 2048
866.812809 1792
866.812893 1528
866.822268 1296
866.822601 1536
866.822768 1792
866.823351 2200
866.824143 2048
866.824393 1792
866.824643 1536
866.826101 -1315
866.826268 -1536
866.826476 -1792
866.826643 -2048
866.827018 -2560
866.827226 -3072
866.827476 -3584
866.827893 -4096
866.828768 -5120
866.829309 -6144
866.829851 -7168
866.830476 -8192
866.831184 -10240
866.832351 -12288
866.835893 -14336
866.847518 -19584
866.865559 -16384
866.872893 -12288
866.874934 -10240
866.876559 -8192
866.878018 -6144
866.879434 -5120
866.880643 -4096
866.882018 -3072
866.882601 -2560
866.883851 -2048
866.885893 -1536
866.887518 -1280
866.889851 -1024
866.890518 -768
866.890809 -640
866.897018 1320
866.897226 1536
866.897434 1792
866.897601 2048
866.897893 2560
866.898184 3072
866.899226 3584
866.899851 4096
866.900934 5120
866.901643 6144
866.902809 7168
866.903434 8192
866.906393 10240
866.911018 12544
866.919768 12224
866.927518 10879
866.927726 10218
866.927893 10242
866.943934 10240
866.948476 8192
866.965101 7136
866.971476 6411
866.974059 6144
866.978893 5120
866.979518 4096
866.980893 3584
866.984809 3056
866.991101 3072
866.994143 3584
866.998268 4432
867.002393 4096
867.003893 3584
867.005809 3072
867.007851 2560
867.009268 2048
867.009684 1792
867.011309 1536
867.023976 -1304
867.030851 -1536
867.033143 -1900
867.034059 -1524
867.034768 -1536
867.036518 -1792
867.040101 -2048
867.041809 -2560
867.043976 -3120
867.048184 -2976
867.049059 -3072
867.051059 -3584
867.054684 -4096
867.068518 -5120
867.083184 -6592
867.098018 -6144
867.112101 -5120
867.121226 -4096
867.122976 -3072
867.130476 -2560
867.140809 -2048
867.140976 -1520
867.141934 -2277
867.148059 -2048
867.155184 -1536
867.156851 -1268
867.232892 -1286
867.234392 -1536
867.234726 -1792
867.236226 -2048
867.238017 -2560
867.240142 -3072
867.243309 -3584
867.252642 -4128
867.264142 -4096
867.268142 -2992
867.268851 -3077
867.268892 -3032
867.273142 -2036
867.274976 -1536
867.276601 -1280
867.278017 -1024
867.290892 1292
867.292392 1536
867.293267 1792
867.294476 2048
867.296767 2560
867.298226 3072
867.300184 3584
867.301684 4096
867.305017 5120
867.308726 6144
867.319767 7360
867.336809 7168
867.348809 6144
867.354351 4944
867.355392 4360
867.358059 4096
867.363476 3584
867.368434 3072
867.375726 2560
867.379392 2048
867.382851 1792
867.401976 1536
867.443642 -1282
867.447142 -1536
867.450851 -1792
867.456101 -2048
867.488517 -2768
867.505184 -2560
867.510642 -2048
867.517726 -1536
867.525226 -1124
867.745309 -1288
867.75985 -1632
867.762559 -1504
867.763434 -1552
867.766017 -1536
867.79635 1297
867.7981 1536
867.79985 1792
867.801642 2048
867.805309 2560
867.8106 3096
867.841809 3072
867.848934 2560
867.852475 2048
867.854517 1792
867.858059 1520
868.337225 1298
868.351933 1680
868.901891 984
888.643419 -1281
888.644127 -1576
888.644836 -1382
888.645669 -1675
888.651919 -436
888.654294 -1547
888.654544 -1792
888.656211 -2192
888.658377 -2048
888.658627 -1536
888.658836 -1280
888.690752 1286
888.692544 1536
888.692711 1792
888.692877 2048
888.693544 2720
888.694544 2560
888.694752 2048
888.694877 1792
888.695002 1536
888.696544 -407
888.701836 1411
888.702877 -58
888.703794 -1296
888.704044 -1536
888.704336 -1792
888.704669 -2048
888.706252 -2888
888.707502 -2560
888.708002 -2048
888.708377 -1536
888.709169 -726
888.710086 -1543
888.710294 -1792
888.710461 -2048
888.710711 -2560
888.710877 -3072
888.711044 -3584
888.711169 -4096
888.711336 -5120
888.711502 -6144
888.711669 -7168
888.711794 -8192
888.712086 -10240
888.712419 -12288
888.715127 -14720
888.719002 -12288
888.720086 -10240
888.721086 -8192
888.721502 -6144
888.722002 -5120
888.722586 -4096
888.723086 -3072
888.723502 -2560
888.726044 -2048
888.726419 -1536
888.726669 -1280
888.726794 -1024
888.726919 -768
888.727086 -640
888.731794 1311
888.736252 1536
888.737252 1792
888.737586 2048
888.739127 2560
888.741044 3072
888.744461 3584
888.747502 4096
888.749336 5120
888.751169 6144
888.759127 7536
888.764836 7168
888.772919 6144
888.781169 3563
888.782669 3072
888.783169 2560
888.784461 2048
888.784752 1792
888.786169 1536
888.786794 1280
888.788877 -7
888.808211 -1467
888.814252 1018
888.822377 -1290
888.827502 -1536
888.828919 -1792
888.829711 -2352
888.830419 -2048
888.831836 -1536
888.835586 -680
888.840294 -1554
888.841502 -1792
888.842252 -2448
888.844127 -2048
888.844336 -1536
888.844502 -1280
888.851169 1283
888.851544 1536
888.855336 2032
888.856127 1744
888.874502 1543
888.875211 1792
888.880377 2560
888.882794 1775
888.884836 1464
888.885711 1807
888.886127 2048
888.886586 2560
888.886919 3072
888.887127 3584
888.888336 5056
888.889794 4096
888.890002 3584
888.890211 3072
888.890461 2560
888.890627 2048
888.890794 1792
888.891044 1536
888.893669 -1299
888.894044 -1536
888.894711 -1792
888.894877 -2048
888.895127 -2560
888.895377 -3072
888.895627 -3584
888.895961 -4096
888.896586 -5120
888.897211 -6144
888.898461 -7168
888.904669 -9376
888.907294 -8192
888.914002 -6144
888.919127 -5120
888.924836 -4096
888.926794 -3072
888.928419 -2560
888.930336 -2048
888.931794 -1536
888.932169 -1280
888.933252 -1024
888.933586 -768
888.939419 1286
888.940711 1536
888.941002 1792
888.942502 2048
888.944377 2560
888.945961 3072
888.950044 3584
888.951419 4096
888.959002 5392
888.968627 5120
888.977461 4096
888.979336 3584
888.981002 3072
888.983211 2456
888.985502 2568
888.986252 2538
888.987169 2569
888.991211 3200
888.995294 3072
888.997294 2560
888.998627 2048
888.998919 1792
889.000211 1536
889.015377 -1281
889.018961 -1672
889.021377 -1536
889.062544 1399
889.086877 -1399
889.126085 -1576
889.151919 -182
889.234877 -1533
889.287544 150
889.300835 -1296
889.304294 -1536
889.306085 -1792
889.31346 -2136
889.317835 -2048
889.32121 -1536
889.324752 -1280
889.34821 1281
889.351752 1536
889.355335 1792
889.362544 2056
889.37021 2027
889.376919 2389
889.391752 2048
889.397127 1792
889.399085 1516
921.979937 1314
921.980146 1536
921.980396 1792
921.980771 2048
921.982146 2640
921.983104 2560
921.983312 2048
921.984021 1792
921.984271 1536
921.986521 -1289
921.986687 -1536
921.986937 -1792
921.987812 -2048
921.988521 -2800
921.990979 -2560
921.992104 -2048
921.992437 -1536
921.992729 -1280
922.084771 -4
922.169812 1502
922.179562 -12
923.001687 1284
923.004895 1536
923.00502 1792
923.005145 2048
923.005395 2560
923.005687 3072
923.006145 3584
923.007062 4864
923.007978 4096
923.00827 3584
923.00877 3072
923.009187 2560
923.009353 2048
923.009478 1792
923.009603 1536
923.011853 -1300
923.012603 -1536
923.012853 -1792
923.015395 -2544
923.01802 -2048
923.019353 -1536
923.019603 -1280
923.196187 1305
923.76852 -7
925.314518 1308
925.316102 1648
925.316685 1504
925.422893 1290
925.423268 1552
925.425143 1536
952.703624 1332

R9COL  LON,LAT,size  -64.08715724945068 -38.99128317832947 1043
6.047847 -911
6.049347 -1264
6.050347 -1024
337.875509 899
337.875925 1068
337.876425 972
338.219842 907
338.219967 1024
338.220134 1280
338.220342 1536
338.2208 1868
338.221425 1792
338.221675 1536
338.221967 1120
338.227842 1043
338.228425 1504
338.229134 1280
338.229259 1024
338.233217 -901
338.2408 -1116
338.245592 -1024
338.5403 906
338.540425 1024
338.541217 1392
338.543092 1280
338.543467 1016
338.571842 914
338.572009 1024
338.5728 1472
338.573759 991
338.918508 1185
338.919717 992
338.957425 915
338.95755 1024
338.957758 1280
338.957925 1536
338.958133 1792
338.958842 2416
338.959592 2048
338.9598 1792
338.959967 1536
338.960175 1064
339.264842 1238
339.265467 994
339.445675 898
339.446508 1192
339.447342 994
340.39105 899
340.391175 1024
340.391758 1296
340.392508 997
340.541424 1107
340.542133 1014
340.941716 916
340.941883 1024
340.942216 1280
340.942549 1536
340.942841 1792
340.943716 2480
340.944841 2048
340.945174 1792
340.945466 1536
340.945758 1280
340.945883 1024
340.948966 -911
340.949216 -1024
340.950799 -1412
340.952174 -1280
340.952383 -1024
346.493339 900
346.493964 1024
346.49438 1280
346.49513 1764
346.497964 1536
346.498255 1280
346.49838 988
352.599503 918
352.599961 1168
352.600503 1012
352.894836 898
352.895503 1108
352.896253 994
363.076916 900
363.077624 1072
363.078832 990
363.474499 908
363.474624 1024
363.47529 1360
363.476207 1280
363.476374 1012
363.493707 907
363.493832 1024
363.494082 1280
363.49429 1536
363.494499 1792
363.494707 2048
363.495082 2560
363.495999 3128
363.497665 3072
363.498624 2560
363.499249 2048
363.50004 1792
363.500915 1536
363.50154 1280
363.501874 1024
363.507082 -901
363.507415 -1024
363.508249 -1280
363.517832 -1612
363.51979 -1536
363.521207 -1280
363.52179 -1024
364.90754 905
364.908373 1168
364.909498 1024
364.987415 -903
364.988082 -1024
364.992832 -1472
364.995207 -1280
364.99554 -996
365.002998 -910
365.003707 -1132
365.004707 -1024
365.072248 916
365.080082 1232
365.081332 1016
365.08754 897
365.088415 1112
365.091957 1000
366.046914 901
366.047081 1024
366.047414 1324
366.050873 1280
366.051498 1012
367.034456 936
367.034539 1024
367.034747 1280
367.034914 1536
367.035081 1792
367.035247 2048
367.035956 2656
367.036914 2560
367.037122 2048
367.037372 1792
367.037581 1536
367.037789 1280
367.037914 964
368.92958 906
368.929747 1024
368.930413 1444
368.931247 1280
368.931455 974
368.952872 901
368.95308 1024
368.953413 1280
368.954247 1696
368.956038 1536
368.95708 1280
368.958747 1010
368.961955 900
368.962455 1176
368.962997 1024
368.970247 -898
368.971372 -1264
368.972663 -895
368.975663 -909
368.97608 -1024
368.983038 -1304
368.992247 -1280
368.996413 -1024
372.59962 914
372.600245 1068
372.601037 1024
378.853326 -911
378.853409 -1024
378.853576 -1280
378.853784 -1536
378.854576 -1952
378.855493 -1536
378.855743 -1280
378.855993 -1024
378.856118 -768
378.859868 903
378.860118 1024
378.860618 1280
378.862368 1668
378.864826 1536
378.865493 1280
378.867743 1024
381.905117 -906
381.9057 -1096
381.906367 -892
382.159741 -927
382.159866 -1024
382.160533 -1308
382.16145 -1280
382.161616 -1000
389.399655 -926
389.400739 -1216
389.401822 -887
390.439447 -911
390.440113 -1124
390.440822 -890
397.793569 -923
397.793652 -1024
397.793819 -1280
397.793944 -1536
397.794069 -1792
397.794194 -2048
397.794944 -3008
397.796069 -2560
397.796235 -2048
397.796402 -1536
397.796569 -1280
397.796735 -1024
397.803527 1024
397.804819 1308
397.806069 1276
437.036345 906
437.036553 1024
437.037762 1428
437.039095 1280
437.039428 1024
515.730856 -906
515.731148 -1024
515.732189 -1412
515.733481 -1280
515.733731 -1024
515.736648 903
515.737898 1232
515.740106 1024
515.865981 -900
515.866731 -1156
515.867689 -1024
865.61776 906
865.618302 1076
865.618802 1024
865.620677 -905
865.620885 -1024
865.62126 -1280
865.622552 -1636
865.624719 -1536
865.625302 -1280
865.625594 -976
865.636135 -909
865.636927 -1148
865.637677 -874
865.840344 -899
865.840635 -1024
865.841135 -1280
865.841885 -1692
865.842635 -1536
865.842927 -1280
865.843052 -1024
865.858969 906
865.859927 1076
865.861677 1024
865.91776 -910
865.918385 -1216
865.919094 -881
865.940135 -945
865.940219 -1024
865.940385 -1280
865.940594 -1536
865.94076 -1792
865.941427 -2272
865.942219 -2048
865.942344 -1536
865.94251 -1280
865.942635 -1024
865.944302 1024
865.945469 1500
865.946719 1280
865.955927 -909
865.956052 -1024
865.956302 -1280
865.956552 -1536
865.957344 -2024
865.958135 -1536
865.958385 -1280
865.958594 -1024
865.958719 -768
865.961927 903
865.962302 1024
865.964927 1436
865.965885 1280
865.966094 1024
865.974052 -898
865.974219 -1024
865.974469 -1280
865.974719 -1536
865.97501 -1792
865.975802 -2360
865.976594 -2048
865.976802 -1536
865.97701 -1280
865.977219 -852
866.001469 -1032
866.002135 -1468
866.002927 -1172
866.007135 -1051
866.007302 -1280
866.007427 -1536
866.007552 -1792
866.008094 -2064
866.008719 -2048
866.008844 -1536
866.00901 -1280
866.009135 -1024
866.022552 1024
866.023177 1284
866.025177 1276
866.037469 898
866.038927 1160
866.040594 1024
866.049594 -917
866.049719 -1024
866.049927 -1280
866.050094 -1536
866.050302 -1792
866.05051 -2048
866.052635 -2936
866.053427 -2560
866.053552 -2048
866.053677 -1536
866.053802 -1280
866.053885 -1024
866.055177 1024
866.055552 1292
866.060844 766
866.08051 -902
866.080719 -1024
866.081052 -1280
866.081885 -1780
866.083052 -1536
866.083594 -1280
866.083927 -964
866.103177 -928
866.10326 -1024
866.103427 -1280
866.103552 -1536
866.103719 -1792
866.103844 -2048
866.104135 -2560
866.104844 -3224
866.105594 -3072
866.105885 -2560
866.10601 -2048
866.106135 -1536
866.106219 -1280
866.106344 -1024
866.111885 1024
866.112802 1292
866.114469 1280
866.142135 -901
866.142802 -1236
866.14351 -866
866.152302 -948
866.152385 -1024
866.153177 -1392
866.154344 -1280
866.154552 -944
866.158385 -914
866.158885 -1136
866.159469 -875
866.162219 -919
866.162302 -1024
866.162469 -1280
866.162677 -1536
866.16326 -1980
866.163885 -1536
866.164094 -1280
866.16426 -1024
866.178844 1024
866.180177 1420
866.182427 1280
866.190677 -904
866.190927 -1024
866.191344 -1280
866.192094 -1716
866.192969 -1536
866.193302 -1280
866.193469 -976
866.196427 -923
866.196552 -1024
866.19676 -1280
866.196969 -1536
866.197135 -1792
866.197302 -2048
866.197969 -2784
866.198635 -2560
866.19876 -2048
866.198885 -1536
866.19901 -1280
866.199135 -820
866.203219 -1029
866.203677 -1024
866.20551 1024
866.206302 1524
866.207385 1280
866.209094 -922
866.209177 -1024
866.209385 -1280
866.209594 -1536
866.210094 -1804
866.210594 -1536
866.210802 -1280
866.210969 -1024
866.211052 -768
866.212219 937
866.212344 1024
866.213385 1372
866.215094 1280
866.215427 1024
866.229094 -923
866.230052 -1024
866.23051 -1280
866.230802 -1536
866.231052 -1792
866.231344 -2048
866.23251 -2928
866.233427 -2560
866.233552 -2048
866.233719 -1536
866.233844 -1280
866.233969 -1024
866.234052 -768
866.243344 903
866.243594 1024
866.244635 1304
866.246219 1280
866.246552 1024
866.252677 -912
866.25276 -1024
866.252927 -1280
866.253094 -1536
866.253219 -1792
866.253385 -2048
866.25401 -2864
866.254677 -2560
866.254802 -2048
866.254969 -1536
866.255094 -1280
866.255219 -1024
866.255302 -768
866.262427 907
866.264719 1024
866.265969 1348
866.267552 1280
866.267927 1024
866.27126 -933
866.271344 -1024
866.27151 -1280
866.271677 -1536
866.272302 -1824
866.27276 -1536
866.272927 -1280
866.273135 -808
866.275844 -1051
866.276177 -1280
866.276594 -1536
866.277635 -1944
866.27876 -1536
866.280302 -1280
866.280677 -1024
866.280802 -768
866.287052 900
866.287344 1024
866.290094 1368
866.29176 1280
866.291969 1024
866.296344 -934
866.296427 -1024
866.296635 -1280
866.296802 -1536
866.296927 -1792
866.29701 -2048
866.297219 -2560
866.297385 -3072
866.297594 -3584
866.298135 -4960
866.298677 -4096
866.298844 -3072
866.298969 -2560
866.299094 -2048
866.299177 -1536
866.299219 -1280
866.299302 -1024
866.299385 -768
866.300052 768
866.300135 896
866.30026 1024
866.300427 1280
866.300594 1536
866.301344 2016
866.302302 1792
866.302552 1536
866.30276 1280
866.302927 1024
866.303844 -1024
866.303927 -1280
866.304052 -1536
866.304177 -1792
866.304719 -2424
866.305385 -2048
866.305594 -1536
866.30576 -1280
866.307135 1280
866.30726 1536
866.307927 2020
866.308677 1792
866.32051 -1792
866.320719 -2048
866.321094 -2560
866.321469 -3072
866.321927 -3584
866.322677 -4096
866.323385 -5120
866.324177 -6144
866.326469 -7168
866.326719 -8192
866.327052 -10240
866.327385 -12288
866.327719 -14336
866.32826 -16384
866.329177 -20480
866.329552 -24576
866.329844 -28672
866.330094 -32768
866.332094 -47232
866.345427 -40960
866.346844 -32768
866.34751 -24576
866.34801 -20480
866.348552 -16384
866.348927 -12288
866.354677 -10240
866.355594 -8192
866.356094 -6144
866.356344 -5120
866.356552 -4096
866.356802 -3072
866.35701 -2560
866.357135 -2048
866.357219 -1536
866.357302 -1280
866.357385 -1024
866.358135 1024
866.358177 1280
866.35826 1536
866.358344 1792
866.358469 2048
866.358552 2560
866.358719 3072
866.358969 3584
866.359219 4096
866.35951 5120
866.36026 6144
866.360885 7168
866.361469 8192
866.36276 10240
866.367635 12288
866.376344 14336
866.382469 16384
866.385677 22848
866.394843 20480
866.397593 16384
866.399385 14336
866.403343 7140
866.404427 6144
866.408385 5120
866.41201 4096
866.41226 3584
866.412677 3072
866.415093 2216
866.416302 2560
866.416677 3072
866.41701 3584
866.417677 4096
866.418343 5120
866.418802 6144
866.419218 7168
866.425093 9184
866.427052 8192
866.42751 7168
866.428093 6144
866.428843 5120
866.42951 4096
866.429802 3584
866.430052 3072
866.430343 2560
866.430635 2048
866.430802 1792
866.43101 1536
866.43126 1280
866.431635 1024
866.432885 498
866.434052 1038
866.434385 1280
866.434843 1536
866.436718 1792
866.437177 2048
866.439093 2840
866.440802 2560
866.442135 2048
866.44401 1021
866.445927 747
866.448177 1030
866.448843 1280
866.449218 1536
866.44951 1792
866.44976 2048
866.450177 2560
866.451177 3072
866.455468 2560
866.456427 2048
866.461968 1792
866.463052 1324
866.464218 1805
866.464718 2048
866.466468 2824
866.468635 2560
866.472635 2048
866.47301 1792
866.473343 1536
866.474052 1200
866.474927 1304
866.47526 1536
866.475593 1792
866.477468 2456
866.478593 2048
866.47876 1792
866.478927 1536
866.479135 1280
866.47976 678
866.481677 1032
866.482468 1280
866.48301 1552
866.485052 1356
866.486385 1539
866.486718 1792
866.48701 2048
866.489718 2776
866.495052 2560
866.495302 2048
866.495468 1792
866.495635 1536
866.495802 1280
866.49726 -1280
866.49776 -1536
866.498802 -1792
866.499135 -2048
866.499468 -2560
866.501302 -3072
866.502177 -3584
866.506052 -4192
866.507468 -4096
866.512677 -3072
866.513052 -2560
866.51351 -2048
866.514635 -1468
866.515593 -1541
866.515968 -1792
866.517052 -2504
866.518385 -2048
866.519343 -1460
866.520802 -1536
866.521635 -1812
866.523385 -1600
866.525093 -2058
866.525718 -2560
866.527093 -3520
866.52951 -3072
866.532177 -2400
866.540677 -2560
866.541885 -3072
866.545093 -3584
866.545427 -4096
866.545885 -5120
866.546385 -6144
866.550468 -7200
866.56176 -5888
866.575552 -6144
866.57776 -7168
866.58176 -8192
866.587968 -10624
866.602135 -10240
866.60626 -8192
866.607677 -6144
866.609135 -5120
866.610427 -4096
866.613135 -3072
866.616385 -2560
866.617135 -2048
866.618802 -1536
866.619802 -1280
866.620218 -1024
866.620843 -768
866.622093 -640
866.622802 -512
866.62301 -384
866.640552 900
866.642343 1024
866.64326 1280
866.643843 1536
866.64451 1792
866.645135 2048
866.646343 2560
866.647427 3072
866.648218 3584
866.648843 4096
866.650177 5120
866.652052 6144
866.653385 7168
866.65451 8192
866.663635 12064
866.675885 10240
866.681802 8192
866.688677 7168
866.69701 6112
866.699635 5182
866.704677 5120
866.709468 4096
866.710885 3584
866.717843 3072
866.725052 2560
866.726468 2048
866.728552 1792
866.732343 1536
866.734677 1280
866.750052 758
866.766135 -901
866.766968 -1024
866.768302 -1280
866.77176 -1536
866.777593 -1792
866.782052 -2048
866.795968 -2560
866.804968 -3072
866.813135 -3896
866.823718 -3072
866.858635 -2560
866.865093 -2048
866.86901 -1516
866.870677 -1835
866.875385 -1536
866.877802 -1280
866.88276 -1024
867.031177 510
867.06851 -898
867.073302 -1192
867.082385 -936
867.131885 903
867.132385 1024
867.133177 1280
867.134052 1536
867.135385 1792
867.136677 2048
867.13901 2560
867.141427 3072
867.14901 3864
867.158927 3584
867.16426 3072
867.181135 1791
867.185135 1536
867.189093 1280
867.193052 1024
867.210343 112
867.254093 -897
867.291676 -1144
867.310926 -1024
867.684176 898
867.693468 1224
867.72001 690
883.741962 -908
883.742712 -1264
883.743628 -890
888.317793 -901
888.318627 -1116
888.323002 -672
888.32521 -1027
888.32871 -1288
888.33046 -1280
888.331668 -569
888.333377 -1054
888.335293 -357
888.337418 -1040
888.338127 -1280
888.338627 -1536
888.339835 -1952
888.34146 -1536
888.34196 -1280
888.342377 -1024
888.343377 -502
888.344918 -1077
888.345502 -1024
888.355002 913
888.355668 1140
888.356377 984
888.373502 898
888.375668 1024
888.37596 1280
888.37621 1536
888.376418 1792
888.377127 2152
888.377877 2048
888.378043 1792
888.378168 1536
888.378335 1088
888.382335 1163
888.383043 1024
888.387168 -959
888.387252 -1024
888.387418 -1280
888.387668 -1536
888.388002 -1792
888.389918 -2528
888.391002 -2048
888.391168 -1536
888.391377 -1280
888.39196 -804
888.39296 -922
888.393543 -768
888.394168 -588
888.39471 -1025
888.394835 -1280
888.39496 -1536
888.395043 -1792
888.395085 -2048
888.39521 -2560
888.395293 -3072
888.395377 -3584
888.39546 -4096
888.395627 -5120
888.39571 -6144
888.395835 -7168
888.39596 -8192
888.396168 -10240
888.396377 -12288
888.397335 -15616
888.401752 -12288
888.40271 -10240
888.403835 -8192
888.404335 -6144
888.404793 -5120
888.405252 -4096
888.40571 -3072
888.405918 -2560
888.40621 -2048
888.406543 -1536
888.409627 -1280
888.409752 -1024
888.409877 -768
888.410002 -640
888.410127 -512
888.415835 512
888.417752 640
888.418793 768
888.420335 896
888.420918 1024
888.42146 1280
888.423502 1536
888.425543 1792
888.430377 2048
888.431293 2560
888.43371 3072
888.44096 3760
888.445585 3584
888.456585 3072
888.460835 3071
888.462835 2560
888.467543 2048
888.46796 1792
888.468252 1536
888.468502 1280
888.46871 1024
888.468835 896
888.481543 -903
888.482793 -1044
888.484002 -879
888.494293 -909
888.494502 -1024
888.49496 -1280
888.496043 -1660
888.497377 -1536
888.498377 -1280
888.502252 176
888.517418 -898
888.518543 -1092
888.519876 -1024
888.524918 900
888.525335 1024
888.526418 1280
888.52771 1536
888.531585 1960
888.540793 1792
888.54246 1536
888.559668 890
888.574376 925
888.574876 1220
888.575501 1024
888.577335 -905
888.577585 -1024
888.578251 -1280
888.58221 -1536
888.583168 -1792
888.584668 -2424
888.586543 -2048
888.587751 -1324
888.588585 -1536
888.591793 -2040
888.596126 -1536
888.596835 -1280
888.598585 -1024
888.61121 -768
888.613168 -632
888.644626 -898
888.644918 -1024
888.645501 -1280
888.646126 -1536
888.646626 -1792
888.647001 -2048
888.64771 -2560
888.648585 -3072
888.653001 -3808
888.658418 -3072
888.66346 -2560
888.665585 -2048
888.666793 -1536
888.667626 -1280
888.668418 -1024
888.669918 -768
888.67196 -640
888.69346 903
888.694126 1024
888.69571 1280
888.699668 1540
888.727418 1536
888.729876 1280
888.733585 680
888.737418 1027
888.738751 1280
888.739876 1536
888.742626 1940
888.747293 1792
888.749418 1536
888.750793 1280
888.751293 1012
889.205293 898
889.21896 1032
889.225668 1022
917.79074 908
917.791323 1104
917.792407 1000
918.07799 924
918.078448 1128
918.079032 1024
918.365406 -898
918.367031 -1204
918.369656 -1024
918.81074 898
918.811198 1064
918.811906 1012
921.658405 900
921.65953 1024
921.660197 1280
921.660655 1536
921.661655 1792
921.661989 2048
921.66253 2560
921.663322 3080
921.664197 3072
921.664614 2560
921.664822 2048
921.665072 1792
921.665322 1536
921.665572 1280
921.665697 1024
921.667655 -927
921.66778 -1024
921.66803 -1280
921.668364 -1536
921.668697 -1792
921.670322 -2080
921.672739 -2048
921.673405 -1536
921.674072 -1280
921.674989 -1024
921.675489 -768
921.760697 905
921.76178 1224
921.763447 1000
922.685488 909
922.685696 1024
922.68603 1280
922.686238 1536
922.686405 1792
922.686571 2048
922.686863 2560
922.687155 3072
922.687446 3584
922.688155 4240
922.688988 4096
922.689321 3584
922.689613 3072
922.689905 2560
922.690071 2048
922.690238 1792
922.690446 1536
922.690655 1280
922.692863 -1280
922.69303 -1536
922.693363 -1792
922.69378 -2048
922.694196 -2560
922.696738 -3160
922.699905 -3072
922.700571 -2560
922.701238 -2048
922.701905 -1536
922.70228 -1280
922.782488 898
922.783613 1128
922.78603 1000
923.364071 908
923.36478 1216
923.365821 1016
923.442738 919
923.442863 1024
923.443446 1308
923.444154 978
924.995529 1030
924.996362 1460
924.997612 1280
924.997904 1000
925.109487 930
925.110154 1276
925.111154 974
947.615937 903
947.616812 1140
947.61777 1012
952.38281 911
952.384351 878
R9CRN  LON,LAT,size  -61.89042806625366 -37.452757358551025 980
338.515129 1580
338.515296 1792
338.515462 2048
338.515754 2560
338.516587 3112
338.517629 3072
338.518046 2560
338.518296 2048
338.518546 1788
338.523712 1578
338.523921 1792
338.524337 2064
338.524879 2048
338.525087 1792
338.530379 -1544
338.531296 -1792
338.535296 -2248
338.539587 -2048
338.540629 -1536
338.836545 1586
338.836754 1792
338.837879 2456
338.839712 2048
338.840254 1776
338.867795 1556
338.868004 1792
338.868254 2128
338.86992 2048
338.87017 1792
338.874379 -1792
338.876712 -2376
338.878837 -2048
339.213837 1549
339.214629 2032
339.215962 1740
339.253879 1598
339.254004 1792
339.254129 2048
339.25442 2560
339.255212 3272
339.256212 3072
339.256545 2560
339.256712 2048
339.256879 1792
339.571045 -1285
339.57442 -1668
339.577004 -1536
339.741254 1541
339.742004 1792
339.742754 2088
339.74342 2048
339.743712 1780
340.686587 1548
340.687128 1972
340.687753 1768
341.237628 1555
341.237878 1792
341.238087 2048
341.239128 2984
341.240378 2560
341.240712 2048
341.240962 1792
341.245628 -1556
341.246878 -2044
341.247878 -1536
341.438128 1556
341.438461 1792
341.439128 2248
341.440045 2048
341.440461 1768
346.78596 1565
346.786252 1792
346.788919 2080
346.789794 2048
346.790002 1728
353.196625 1766
353.197417 1448
363.761915 1581
363.76254 1936
363.763373 1752
363.781331 1574
363.781456 1792
363.781623 2048
363.781831 2560
363.782081 3072
363.78229 3584
363.783373 5072
363.785081 4096
363.785873 3584
363.788206 2023
363.788623 1792
363.789081 1536
363.795123 -1549
363.795915 -1792
363.798706 -2280
363.80354 -1713
363.806081 -2120
363.808165 -2048
363.810248 -1536
363.955248 1541
363.956498 1792
363.964873 1512
365.195831 1713
365.197331 1536
365.283956 -1544
365.287748 -1908
365.288581 -1536
365.301706 1562
365.302289 1896
365.303331 1780
365.365831 1549
365.366123 1792
365.367081 2384
365.373456 2048
365.373831 1748
365.384123 1547
365.385248 1904
365.386914 1768
366.334664 1537
366.335247 1792
366.335539 2048
366.336706 2792
366.339122 2560
366.339956 2048
366.340414 1784
366.505206 1536
366.507206 1804
366.509789 1768
367.32383 1569
367.323997 1792
367.324122 2048
367.324372 2560
367.324622 3072
367.324872 3584
367.325539 4336
367.326289 4096
367.32658 3584
367.32683 3072
367.327122 2560
367.327247 2016
369.218038 1874
369.218872 1776
369.241247 1552
369.241455 1792
369.241663 2048
369.242622 3040
369.244038 2560
369.244455 2048
369.245038 1792
369.264497 -1541
369.265872 -1792
369.272913 -2240
369.278372 -2048
369.281663 -1536
377.678536 -1546
377.679828 -1932
377.682995 -1536
379.135911 -1552
379.136203 -1792
379.137036 -2376
379.138078 -2048
379.138453 -1536
379.144203 1536
379.145203 1796
379.150536 1792
379.305244 -1546
379.306536 -1948
379.307744 -1536
379.332828 1536
379.334619 1856
379.336619 1792
382.205619 -1319
382.20616 -1648
382.20691 -1460
382.460119 -1556
382.460577 -1812
382.461202 -1532
389.705825 -1751
389.707034 -1520
390.744617 -1571
390.744867 -1792
390.745283 -2080
390.745783 -2048
390.745992 -1448
398.08424 -1601
398.084323 -1792
398.084448 -2048
398.084615 -2560
398.084823 -3072
398.085532 -3784
398.086448 -3072
398.086782 -2560
398.087115 -2048
398.087282 -1536
398.087448 -1168
398.263323 -1545
398.265907 -1828
398.267948 -1524
516.034837 -1724
516.036337 -1536
516.039171 1310
516.040296 1548
516.043462 1528
516.201712 1538
516.202754 1876
516.204046 1792
865.909839 -1557
865.910214 -1792
865.911922 -2536
865.914381 -2048
865.915006 -1536
866.079214 1541
866.079589 1792
866.081047 2208
866.083131 2048
866.083672 1792
866.095714 -1538
866.096756 -1884
866.100714 -1476
866.135297 -1683
866.136047 -1472
866.233672 -1588
866.233797 -1792
866.233922 -2048
866.234214 -2560
866.234922 -3440
866.235714 -3072
866.235964 -2560
866.236089 -2048
866.236214 -1460
866.249839 -1606
866.249964 -1792
866.250089 -2048
866.250297 -2560
866.250547 -3072
866.251089 -3728
866.251714 -3072
866.251922 -2560
866.252131 -2048
866.252256 -1536
866.252339 -1280
866.260964 1536
866.261756 2032
866.262589 1792
866.267839 -1562
866.268089 -1792
866.269131 -2136
866.270172 -2048
866.270422 -1476
866.295089 -1543
866.295797 -1908
866.296672 -1488
866.300881 -1598
866.301006 -1792
866.301089 -2048
866.301339 -2560
866.301839 -3320
866.302464 -3072
866.302672 -2560
866.302797 -2048
866.302881 -1536
866.305172 1539
866.306256 1832
866.307589 1792
866.343381 -1579
866.343547 -1792
866.343756 -2048
866.346339 -3056
866.347297 -2560
866.347381 -2048
866.347506 -1536
866.351256 1544
866.352172 1832
866.353964 1792
866.373547 -1544
866.374006 -1792
866.375006 -2216
866.375964 -2048
866.376256 -1468
866.396589 -1571
866.396756 -1792
866.396922 -2048
866.397256 -2560
866.398297 -3552
866.399172 -3072
866.399464 -1529
866.401839 1529
866.404339 1652
866.409756 1536
866.412422 -1571
866.412589 -1792
866.412714 -2048
866.413506 -3032
866.414464 -2560
866.414672 -2048
866.414881 -1488
866.446297 -1619
866.446381 -1792
866.446464 -2048
866.446672 -2560
866.446922 -3072
866.447422 -3624
866.448047 -3072
866.448381 -2560
866.448714 -2048
866.448922 -1536
866.449214 -1268
866.451214 -1566
866.451464 -1792
866.451672 -2048
866.452547 -2912
866.453256 -2560
866.453381 -2048
866.453464 -1524
866.455339 -1575
866.455464 -1792
866.455589 -2048
866.456172 -2664
866.456839 -2560
866.457006 -2048
866.457131 -1508
866.464006 -1586
866.464464 -2024
866.465006 -1536
866.471756 1547
866.472214 1792
866.473131 2208
866.474422 2048
866.474964 1792
866.485381 -1557
866.485589 -1792
866.485797 -2048
866.486631 -2968
866.487547 -2560
866.487756 -2048
866.487922 -1536
866.489881 -1555
866.490047 -1792
866.490172 -2048
866.490464 -2560
866.491214 -3416
866.492006 -3072
866.492256 -2560
866.492381 -2048
866.492506 -1536
866.499089 1548
866.499964 1800
866.500964 1792
866.502631 -1589
866.502756 -1792
866.502881 -2048
866.503464 -2872
866.504214 -2560
866.504339 -2048
866.504464 -1536
866.516547 1540
866.517214 1792
866.518339 2432
866.519506 2048
866.519797 1792
866.522422 -1541
866.522631 -1792
866.522797 -2048
866.523172 -2560
866.523589 -3072
866.524339 -3584
866.526631 -4416
866.527381 -4096
866.527589 -3072
866.527797 -2560
866.528131 -2048
866.528339 -1536
866.528631 -1280
866.535631 1549
866.535881 1792
866.536172 2048
866.537714 2704
866.540672 2560
866.541214 2048
866.541589 1792
866.544422 -1548
866.544756 -1792
866.545547 -2048
866.546131 -2560
866.547006 -3504
866.547714 -3072
866.547881 -2560
866.548006 -2048
866.548089 -1536
866.550339 1563
866.550589 1792
866.551381 2384
866.552422 2048
866.552839 1792
866.564922 -1792
866.565672 -2136
866.567797 -463
866.569089 -1581
866.569256 -1792
866.569839 -2528
866.570589 -2048
866.571381 -1532
866.572006 -1536
866.572797 -2000
866.573631 -1536
866.573839 -1280
866.583214 1563
866.584006 1808
866.585006 1792
866.590006 -1624
866.590089 -1792
866.590214 -2048
866.590422 -2560
866.590714 -3072
866.591047 -3584
866.592297 -4832
866.593047 -4096
866.593172 -3072
866.593297 -2560
866.593422 -2048
866.593464 -1536
866.593547 -1280
866.594256 1574
866.594339 1792
866.594422 2048
866.594631 2560
866.595381 3416
866.596131 3072
866.596339 2560
866.596422 2048
866.596506 1748
866.610256 1691
866.611131 1536
866.613714 -1579
866.613922 -1792
866.614172 -2048
866.616922 -2560
866.617131 -3072
866.617297 -3584
866.617464 -4096
866.617756 -5120
866.618047 -6144
866.618506 -7168
866.619714 -8192
866.620506 -10240
866.621381 -12288
866.622006 -14336
866.622339 -16384
866.624797 -21824
866.640506 -20480
866.641089 -16384
866.642172 -11616
866.644589 -13408
866.646714 -12288
866.648506 -10240
866.649422 -8192
866.649714 -6144
866.650006 -5120
866.650256 -4096
866.650547 -3072
866.650672 -2560
866.650839 -2048
866.651006 -1536
866.651131 -1280
866.651214 -1024
866.651297 -768
866.652381 1541
866.652506 1792
866.652631 2048
866.652839 2560
866.653089 3072
866.653297 3584
866.653547 4096
866.654089 5120
866.654672 6144
866.655547 7168
866.655922 8192
866.656922 10240
866.660631 12288
866.661714 14336
866.664881 16384
866.674381 23808
866.684047 20480
866.700089 12254
866.700631 10240
866.701089 8192
866.701339 7168
866.701589 6144
866.701881 5120
866.702381 4096
866.704172 3584
866.704422 3072
866.704631 2560
866.704839 2048
866.704964 1792
866.705089 1476
866.706297 1542
866.706464 1792
866.706589 2048
866.706797 2560
866.706964 3072
866.707131 3584
866.707297 4096
866.707631 5120
866.708006 6144
866.708381 7168
866.708714 8192
866.709256 10240
866.710506 13824
866.712839 12192
866.718672 13792
866.723131 12288
866.724047 10240
866.724464 8192
866.725006 7168
866.725797 6144
866.727047 5120
866.728172 4096
866.732339 3464
866.735214 3607
866.736589 4992
866.738047 4096
866.739172 3432
866.740506 3584
866.740672 3570
866.740839 3609
866.741297 4096
866.742464 5120
866.744006 6144
866.747672 5120
866.750547 4096
866.751339 3584
866.752172 3072
866.752672 2560
866.753172 2048
866.753464 1792
866.753797 1480
866.758506 1544
866.758881 1792
866.759214 2048
866.759922 2560
866.761006 3072
866.761422 3584
866.761756 4096
866.763047 5344
866.765256 5120
866.768131 4096
866.769172 3584
866.769672 3072
866.770131 2560
866.770381 2048
866.771464 1596
866.773297 1794
866.775131 2432
866.776506 1844
866.777131 2048
866.777589 2560
866.778256 3072
866.779047 3584
866.780381 4592
866.781506 4096
866.782172 3544
866.784214 3475
866.785422 3072
866.785922 2560
866.786172 2048
866.786422 1704
866.799256 1600
866.799381 1792
866.799506 2048
866.799756 2560
866.800089 3072
866.800922 3672
866.801964 3584
866.802756 3072
866.803506 2560
866.803881 2048
866.804172 1792
866.805922 -1560
866.806047 -1792
866.806172 -2048
866.806381 -2560
866.806631 -3072
866.806797 -3584
866.807006 -4096
866.807339 -5120
866.807631 -6144
866.807922 -7168
866.808214 -8192
866.808756 -10240
866.809547 -12288
866.810589 -14336
866.813631 -16384
866.827214 -23296
866.852714 -20480
866.854672 -16384
866.856839 -12288
866.859464 -10240
866.864672 -8192
866.866506 -6144
866.868756 -5120
866.871172 -4096
866.872089 -3072
866.872339 -2560
866.872589 -2048
866.872839 -1536
866.873089 -1280
866.873214 -1024
866.873381 -768
866.876714 1552
866.877339 1792
866.878089 2048
866.878922 2560
866.879381 3072
866.879714 3584
866.880006 4096
866.880547 5120
866.881256 6144
866.882047 7168
866.882714 8192
866.884172 10240
866.953881 8937
866.959589 7164
866.966006 5936
866.972422 6160
866.978672 6144
866.981631 5120
866.986297 4096
866.987756 3584
866.990839 3072
866.992214 2560
866.993839 2048
866.994922 1792
866.996506 876
867.017089 -1538
867.018381 -1792
867.019297 -2048
867.022797 -2560
867.025381 -3072
867.026881 -3584
867.027881 -4096
867.036089 -5120
867.038506 -6144
867.048422 -7168
867.065089 -9088
867.095964 -8192
867.105339 -6144
867.109006 -5120
867.123047 -4096
867.124672 -3072
867.133256 -2560
867.136756 -2048
867.140131 -1536
867.141672 -1280
867.187964 666
867.221547 -1549
867.222339 -1792
867.223255 -2048
867.225422 -2560
867.227422 -3072
867.229714 -3584
867.231839 -4096
867.238839 -5648
867.252714 -5120
867.257172 -4096
867.260089 -3072
867.262089 -2560
867.263839 -2048
867.265005 -1536
867.266172 -1280
867.275755 1540
867.276422 1792
867.277047 2048
867.278172 2560
867.279589 3072
867.281005 3584
867.282297 4096
867.28513 5120
867.287755 6144
867.290547 7168
867.294964 8192
867.295255 8130
867.301422 8839
867.314464 8192
867.32113 7168
867.33588 6144
867.349589 3579
867.35463 3072
867.362714 2560
867.369047 2048
867.377297 1792
867.423505 -1057
867.428464 -1538
867.431172 -1792
867.433172 -2048
867.449089 -2928
867.508505 -2560
867.688589 394
867.785005 1536
867.787005 1792
867.789005 2048
867.794214 2560
867.809297 3232
867.829172 3072
867.841005 2560
867.844672 2040
868.335297 1880
868.357922 1218
888.612375 -1538
888.620417 -1792
888.622459 -2336
888.624 -2048
888.628917 -659
888.630792 -1557
888.631167 -1792
888.6315 -2048
888.632917 -2856
888.63575 -2560
888.636042 -2048
888.636334 -1536
888.66775 1559
888.669834 1792
888.669959 2048
888.670209 2560
888.670417 3072
888.670709 3640
888.671334 3543
888.671917 2493
888.672125 2048
888.67225 1792
888.672334 1504
888.678459 1570
888.678875 1856
888.679334 1792
888.680875 -1543
888.681084 -1792
888.681292 -2048
888.681959 -2560
888.683709 -3176
888.685209 -3072
888.685625 -2560
888.685792 -2048
888.686542 -989
888.687167 -1810
888.687292 -2048
888.687459 -2560
888.687584 -3072
888.687709 -3584
888.687792 -4096
888.687959 -5120
888.688125 -6144
888.68825 -7168
888.688375 -8192
888.688584 -10240
888.688792 -12288
888.689 -14336
888.69175 -16448
888.696834 -16384
888.697959 -12288
888.698792 -10240
888.6995 -8192
888.699875 -6144
888.700334 -5120
888.701084 -4096
888.703125 -3072
888.703667 -2560
888.704042 -2048
888.704292 -1536
888.704542 -1280
888.704625 -1024
888.70475 -768
888.708042 1565
888.708292 1792
888.708542 2048
888.709542 2840
888.71125 2045
888.713875 2190
888.714792 2560
888.716209 3072
888.717792 3584
888.719834 4096
888.72375 5120
888.7255 6144
888.72675 7168
888.741209 9536
888.747125 8192
888.754375 7168
888.756584 6144
888.758375 3574
888.758834 3072
888.759209 2560
888.759542 2048
888.759709 1792
888.759875 1516
888.77025 1564
888.770792 1824
888.771625 1792
888.775167 -1565
888.775375 -1792
888.775584 -2048
888.776584 -2840
888.777959 -2560
888.778292 -2048
888.778625 -1536
888.781792 1539
888.782917 1792
888.785 2160
888.788584 2048
888.789292 1792
888.795042 -1541
888.7955 -1792
888.796 -2048
888.797875 -2584
888.80175 -2560
888.802417 -2048
888.804625 -1328
888.80625 -1536
888.807334 -1864
888.809292 -1721
888.810792 -2070
888.811584 -2048
888.811875 -1488
888.816417 -1548
888.819542 -1792
888.820917 -2392
888.82275 -2048
888.823167 -1536
888.828584 1555
888.829 1792
888.831584 2400
888.838334 2048
888.8415 1784
888.844959 1541
888.847875 1792
888.850209 2048
888.855042 2560
888.857459 3408
888.860042 2968
888.862792 3072
888.863792 3584
888.8645 4096
888.867 5200
888.868917 5120
888.869459 4096
888.870667 3584
888.871 3072
888.87125 2560
888.871334 2048
888.871417 1792
888.872417 -1538
888.8725 -1792
888.872584 -2048
888.87275 -2560
888.872917 -3072
888.873084 -3584
888.87325 -4096
888.873584 -5120
888.873959 -6144
888.874459 -7168
888.875209 -8192
888.8845 -10304
888.894334 -10240
888.896 -8192
888.899084 -6144
888.902917 -5120
888.905167 -4096
888.906417 -3072
888.907959 -2560
888.909292 -2048
888.910417 -1536
888.911 -1280
888.911834 -1024
888.91775 1549
888.918417 1792
888.919209 2048
888.920375 2560
888.921625 3072
888.922625 3584
888.926167 4096
888.934584 6032
888.949417 5120
888.952459 4096
888.958375 3584
888.95925 3072
888.96375 2536
888.969875 2469
888.974042 2048
888.975042 1776
889.030875 1536
889.038375 1812
889.044 1792
889.099459 -1540
889.104334 -1900
889.268959 -114
889.287792 -1538
889.290167 -1792
889.296709 -2544
889.311167 -2048
889.333584 2048
889.335542 2560
889.339542 3072
889.352792 3584
889.353959 2544
889.360917 2855
889.375792 2560
889.377792 2048
889.37975 1784
918.08616 1689
918.088702 -4
918.651327 1694
918.65666 -7
921.957868 1536
921.958243 1792
921.958868 2048
921.959534 2560
921.959951 3072
921.961034 3752
921.962076 3584
921.962409 3072
921.962743 2560
921.962951 2048
921.963118 1792
921.965326 -1576
921.965493 -1792
921.965701 -2048
921.966118 -2560
921.967909 -3360
921.970326 -3072
921.971159 -2560
921.971576 -2048
921.972034 -1536
922.058701 1536
922.060201 1812
922.061368 1776
922.148368 1536
922.148993 1792
922.150618 2120
922.153118 2048
922.153743 1764
922.983534 1561
922.983784 1792
922.983992 2048
922.984326 2560
922.984576 3072
922.984742 3584
922.984951 4096
922.985367 5120
922.986242 6144
922.987201 5120
922.987659 4096
922.987909 3584
922.988117 3072
922.988367 2560
922.988617 2048
922.988784 1792
922.988909 1536
922.990909 -1544
922.991117 -1792
922.991326 -2048
922.991784 -2560
922.993784 -3368
922.996867 -3072
922.997867 -2560
922.998367 -2048
922.998992 -1536
923.155409 1539
923.156826 1812
923.158784 1768
923.176201 1539
923.178867 1808
923.180617 1792
923.186701 -15
923.663159 1710
923.668659 -20
925.291242 1563
925.291492 1792
925.292325 2240
925.293742 2048
925.294242 1792
952.673777 1774