4354.4172282665  4.860311E-17
4356.41908014061  4.713676E-17
4358.42093201472  4.066660E-17
4360.42278388883  5.806571E-17
4362.42463576294  9.606884E-17
4364.42648763705  8.190475E-17
4366.42833951116  7.393360E-17
4368.43019138527  2.347997E-17
4370.43204325937  2.324717E-17
4372.43389513348  7.585851E-17
4374.43574700759  7.326169E-17
4376.4375988817  5.100853E-17
4378.43945075581  5.752573E-17
4380.44130262992  7.326787E-17
4382.44315450403  2.751155E-17
4384.44500637814  1.862597E-17
4386.44685825225  7.875158E-17
4388.44871012636  6.344763E-17
4390.45056200047  2.782167E-17
4392.45241387458  4.116357E-17
4394.45426574869  6.674511E-17
4396.45611762279  7.033769E-17
4398.4579694969  3.094145E-17
4400.45982137101  6.295774E-17
4402.46167324512  8.725929E-17
4404.46352511923  7.296335E-17
4406.46537699334  8.494419E-17
4408.46722886745  3.181069E-17
4410.46908074156  7.647427E-17
4412.47093261567  8.010960E-17
4414.47278448978  4.981067E-17
4416.47463636389  5.969210E-17
4418.476488238  5.969210E-17
4420.4783401121  4.265685E-17
4422.48019198621  5.157947E-17
4424.48204386032  3.022830E-18
4426.48389573443  2.443236E-17
4428.48574760854  5.444711E-17
4430.48759948265  2.114555E-17
4432.48945135676  7.158810E-17
4434.49130323087  2.837874E-17
4436.49315510498  8.770466E-17
4438.49500697909  4.166626E-17
4440.4968588532  5.230513E-17
4442.49871072731  9.188810E-17
4444.50056260141  4.860311E-17
4446.50241447552  6.285189E-17
4448.50426634963  5.502538E-17
4450.50611822374  6.703046E-17
4452.50797009785  6.685450E-17
4454.50982197196  3.485160E-17
4456.51167384607  -7.327581E-18
4458.51352572018  1.084093E-17
4460.51537759429  3.911188E-17
4462.5172294684  6.984971E-17
4464.51908134251  6.356574E-17
4466.52093321662  6.454121E-17
4468.52278509073  3.957632E-17
4470.52463696483  3.326915E-17
4472.52648883894  3.064818E-17
4474.52834071305  1.190097E-17
4476.53019258716  2.609269E-17
4478.53204446127  2.663792E-17
4480.53389633538  5.149185E-17
4482.53574820949  3.834607E-17
4484.5376000836  3.665286E-17
4486.53945195771  4.029459E-17
4488.54130383182  1.765212E-17
4490.54315570593  7.722561E-17
4492.54500758004  5.694022E-17
4494.54685945415  4.656939E-17
4496.54871132825  5.900287E-17
4498.55056320236  5.656037E-17
4500.55241507647  5.896249E-17
4502.55426695058  5.183318E-17
4504.55611882469  3.963858E-17
4506.5579706988  1.051330E-16
4508.55982257291  5.867594E-17
4510.56167444702  5.059834E-17
4512.56352632113  6.705342E-17
4514.56537819524  4.093632E-17
4516.56723006935  4.227326E-17
4518.56908194345  4.343104E-17
4520.57093381756  9.537748E-17
4522.57278569167  9.511608E-17
4524.57463756578  7.469510E-17
4526.57648943989  5.741189E-17
4528.578341314  5.791905E-17
4530.58019318811  5.191786E-17
4532.58204506222  6.468365E-17
4534.58389693633  4.751914E-17
4536.58574881044  4.460938E-17
4538.58760068455  9.027081E-17
4540.58945255866  6.510697E-17
4542.59130443277  4.835857E-17
4544.59315630687  9.258496E-17
4546.59500818099  1.023327E-16
4548.59686005509  7.466316E-17
4550.5987119292  6.044679E-17
4552.60056380331  6.617712E-17
4554.60241567742  2.383530E-17
4556.60426755153  4.759757E-17
4558.60611942564  2.295106E-17
4560.60797129975  2.422041E-17
4562.60982317386  6.443155E-17
4564.61167504797  3.979417E-17
4566.61352692208  2.023374E-17
4568.61537879618  3.664005E-17
4570.61723067029  7.273590E-17
4572.6190825444  4.817968E-17
4574.62093441851  7.012263E-17
4576.62278629262  3.375379E-17
4578.62463816673  5.713615E-17
4580.62649004084  6.950242E-17
4582.62834191495  4.619252E-17
4584.63019378906  2.459304E-17
4586.63204566317  7.992237E-17
4588.63389753728  3.291474E-17
4590.63574941139  4.090681E-17
4592.6376012855  7.115677E-17
4594.6394531596  2.938823E-17
4596.64130503371  5.084737E-17
4598.64315690782  4.392808E-17
4600.64500878193  1.434999E-17
4602.64686065604  5.248344E-17
4604.64871253015  4.182101E-17
4606.65056440426  6.578186E-17
4608.65241627837  7.639076E-17
4610.65426815248  3.278294E-17
4612.65612002659  3.841171E-17
4614.6579719007  3.718030E-17
4616.65982377481  6.951136E-17
4618.66167564892  8.260072E-17
4620.66352752302  2.451525E-17
4622.66537939713  4.871232E-17
4624.66723127124  7.648847E-17
4626.66908314535  5.320740E-17
4628.67093501946  3.556241E-17
4630.67278689357  3.467804E-17
4632.67463876768  6.411365E-17
4634.67649064179  6.359843E-17
4636.6783425159  6.995987E-17
4638.68019439001  6.721641E-17
4640.68204626412  4.577730E-17
4642.68389813823  5.655142E-17
4644.68575001233  4.123207E-17
4646.68760188644  3.524293E-17
4648.68945376055  7.191502E-17
4650.69130563466  5.534063E-17
4652.69315750877  3.177987E-17
4654.69500938288  6.105086E-17
4656.69686125699  6.271033E-17
4658.6987131311  5.942892E-17
4660.70056500521  6.873748E-17
4662.70241687932  7.737823E-17
4664.70426875343  4.508297E-17
4666.70612062754  4.976207E-17
4668.70797250165  4.514588E-17
4670.70982437576  6.656007E-17
4672.71167624986  3.630654E-17
4674.71352812397  8.070527E-17
4676.71537999808  5.680398E-17
4678.71723187219  3.659645E-17
4680.7190837463  2.752678E-17
4682.72093562041  6.043226E-17
4684.72278749452  7.738507E-17
4686.72463936863  8.762795E-17
4688.72649124274  6.327570E-17
4690.72834311685  7.225367E-17
4692.73019499096  6.298454E-17
4694.73204686507  5.897059E-17
4696.73389873917  4.925551E-17
4698.73575061328  5.463152E-17
4700.73760248739  5.257243E-17
4702.7394543615  5.499568E-17
4704.74130623561  5.124848E-17
4706.74315810972  6.294684E-17
4708.74500998383  6.399639E-17
4710.74686185794  8.798905E-17
4712.74871373205  5.508756E-17
4714.75056560616  3.230465E-17
4716.75241748027  4.851132E-17
4718.75426935438  5.957239E-17
4720.75612122849  6.898969E-17
4722.75797310259  7.018329E-17
4724.7598249767  4.804039E-17
4726.76167685081  7.195688E-17
4728.76352872492  5.941716E-17
4730.76538059903  2.054819E-17
4732.76723247314  5.934789E-17
4734.76908434725  6.243495E-17
4736.77093622136  3.969398E-17
4738.77278809547  2.257914E-17
4740.77463996958  5.069615E-17
4742.77649184369  7.550331E-17
4744.7783437178  7.206554E-17
4746.7801955919  6.587965E-17
4748.78204746601  4.816630E-17
4750.78389934012  4.696162E-17
4752.78575121423  4.190207E-17
4754.78760308834  5.177538E-17
4756.78945496245  6.432695E-17
4758.79130683656  8.728304E-17
4760.79315871067  6.508466E-17
4762.79501058478  5.372560E-17
4764.79686245889  6.125985E-17
4766.798714333  5.193576E-17
4768.8005662071  5.667369E-17
4770.80241808122  4.193545E-17
4772.80426995532  5.101200E-17
4774.80612182943  4.101402E-17
4776.80797370354  2.780316E-17
4778.80982557765  4.653438E-17
4780.81167745176  3.912313E-17
4782.81352932587  3.285147E-17
4784.81538119998  6.149271E-17
4786.81723307409  3.880778E-17
4788.8190849482  5.229004E-17
4790.82093682231  5.510090E-17
4792.82278869641  4.522398E-17
4794.82464057053  5.797858E-17
4796.82649244463  5.929315E-17
4798.82834431874  6.244827E-17
4800.83019619285  4.147089E-17
4802.83204806696  4.267806E-17
4804.83389994107  8.469021E-17
4806.83575181518  6.066362E-17
4808.83760368929  4.373224E-17
4810.8394555634  3.887790E-17
4812.84130743751  3.924829E-17
4814.84315931162  5.923068E-17
4816.84501118573  5.640514E-17
4818.84686305984  3.597155E-17
4820.84871493394  2.705545E-17
4822.85056680805  5.713563E-17
4824.85241868216  4.330051E-17
4826.85427055627  5.324040E-17
4828.85612243038  6.881745E-17
4830.85797430449  5.548086E-17
4832.8598261786  7.423221E-17
4834.86167805271  2.366060E-17
4836.86352992682  4.663778E-17
4838.86538180093  5.328915E-17
4840.86723367504  4.239673E-17
4842.86908554915  4.388103E-17
4844.87093742325  4.857481E-17
4846.87278929736  3.245932E-17
4848.87464117147  5.449320E-17
4850.87649304558  6.231606E-17
4852.87834491969  4.220817E-17
4854.8801967938  3.250528E-17
4856.88204866791  3.909316E-17
4858.88390054202  5.496035E-17
4860.88575241613  6.730781E-17
4862.88760429024  6.084111E-17
4864.88945616435  3.065797E-17
4866.89130803846  4.193670E-17
4868.89315991257  4.749713E-17
4870.89501178667  4.678719E-17
4872.89686366078  3.083067E-17
4874.89871553489  5.934186E-17
4876.900567409  2.632565E-17
4878.90241928311  4.592418E-17
4880.90427115722  4.597250E-17
4882.90612303133  5.521146E-17
4884.90797490544  5.913834E-17
4886.90982677955  5.681178E-17
4888.91167865366  3.651519E-17
4890.91353052777  5.082568E-17
4892.91538240188  6.504195E-17
4894.91723427599  3.066799E-17
4896.91908615009  3.376312E-17
4898.9209380242  6.079177E-17
4900.92278989831  6.489323E-17
4902.92464177242  4.021205E-17
4904.92649364653  4.212817E-17
4906.92834552064  4.467059E-17
4908.93019739475  4.413009E-17
4910.93204926886  6.131323E-17
4912.93390114297  4.243022E-17
4914.93575301708  6.375352E-17
4916.93760489119  5.664436E-17
4918.9394567653  5.829694E-17
4920.94130863941  5.665525E-17
4922.94316051351  3.408898E-17
4924.94501238762  2.610939E-17
4926.94686426173  4.501085E-17
4928.94871613584  4.793184E-17
4930.95056800995  4.796052E-17
4932.95241988406  4.594945E-17
4934.95427175817  5.004805E-17
4936.95612363228  4.473923E-17
4938.95797550639  4.507174E-17
4940.9598273805  3.214551E-17
4942.96167925461  3.764528E-17
4944.96353112872  4.953119E-17
4946.96538300282  5.280047E-17
4948.96723487693  4.656514E-17
4950.96908675104  3.676069E-17
4952.97093862515  5.581270E-17
4954.97279049926  7.970734E-17
4956.97464237337  4.529786E-17
4958.97649424748  3.470341E-17
4960.97834612159  3.088004E-17
4962.9801979957  2.532700E-17
4964.98204986981  5.237617E-17
4966.98390174391  5.509481E-17
4968.98575361803  4.194835E-17
4970.98760549213  3.786741E-17
4972.98945736624  5.380015E-17
4974.99130924035  6.156336E-17
4976.99316111446  3.797362E-17
4978.99501298857  3.101333E-17
4980.99686486268  4.055860E-17
4982.99871673679  6.279082E-17
4985.0005686109  6.118670E-17
4987.00242048501  4.056632E-17
4989.00427235912  4.773861E-17
4991.00612423322  6.645362E-17
4993.00797610734  6.895926E-17
4995.00982798145  4.765932E-17
4997.01167985555  4.053460E-17
4999.01353172966  5.094920E-17
5001.01538360377  4.040168E-17
5003.01723547788  5.135121E-17
5005.01908735199  5.279165E-17
5007.0209392261  4.695960E-17
5009.02279110021  5.418219E-17
5011.02464297432  5.233096E-17
5013.02649484843  4.086081E-17
5015.02834672254  5.557117E-17
5017.03019859665  6.993132E-17
5019.03205047076  4.786559E-17
5021.03390234486  4.000646E-17
5023.03575421897  4.133009E-17
5025.03760609308  5.460247E-17
5027.03945796719  4.462667E-17
5029.0413098413  4.334789E-17
5031.04316171541  5.664901E-17
5033.04501358952  6.360667E-17
5035.04686546363  5.397394E-17
5037.04871733774  5.555545E-17
5039.05056921185  6.347024E-17
5041.05242108596  4.132374E-17
5043.05427296007  3.018636E-17
5045.05612483417  3.201647E-17
5047.05797670828  3.603298E-17
5049.05982858239  4.759252E-17
5051.0616804565  3.963005E-17
5053.06353233061  1.532384E-17
5055.06538420472  2.211433E-17
5057.06723607883  3.357205E-17
5059.06908795294  4.952172E-17
5061.07093982705  1.037284E-16
5063.07279170116  1.130347E-16
5065.07464357527  9.987507E-17
5067.07649544938  7.845324E-17
5069.07834732349  7.249106E-17
5071.08019919759  6.353812E-17
5073.0820510717  4.541555E-17
5075.08390294581  4.323823E-17
5077.08575481992  3.765096E-17
5079.08760669403  4.679331E-17
5081.08945856814  3.310984E-17
5083.09131044225  2.542976E-17
5085.09316231636  5.372844E-17
5087.09501419047  4.510320E-17
5089.09686606458  3.095717E-17
5091.09871793869  4.972729E-17
5093.1005698128  5.701770E-17
5095.10242168691  6.638439E-17
5097.10427356101  5.080501E-17
5099.10612543512  5.733113E-17
5101.10797730923  3.424526E-17
5103.10982918334  2.707964E-17
5105.11168105745  4.125499E-17
5107.11353293156  5.497656E-17
5109.11538480567  4.987281E-17
5111.11723667978  4.975205E-17
5113.11908855389  5.253828E-17
5115.120940428  3.386318E-17
5117.12279230211  3.575121E-17
5119.12464417622  4.986094E-17
5121.12649605032  3.650351E-17
5123.12834792443  3.543094E-17
5125.13019979854  4.192845E-17
5127.13205167265  4.675557E-17
5129.13390354676  4.752065E-17
5131.13575542087  3.995419E-17
5133.13760729498  4.431330E-17
5135.13945916909  4.843254E-17
5137.1413110432  3.719347E-17
5139.14316291731  6.287432E-17
5141.14501479142  4.353176E-17
5143.14686666553  2.485944E-17
5145.14871853964  3.473817E-17
5147.15057041374  3.262702E-17
5149.15242228785  3.379046E-17
5151.15427416196  2.914576E-17
5153.15612603607  3.622973E-17
5155.15797791018  3.471199E-17
5157.15982978429  3.691363E-17
5159.1616816584  4.027685E-17
5161.16353353251  5.124123E-17
5163.16538540662  1.016544E-16
5165.16723728073  1.209675E-16
5167.16908915484  1.200347E-16
5169.17094102895  1.011822E-16
5171.17279290306  6.880995E-17
5173.17464477716  5.318284E-17
5175.17649665127  5.032640E-17
5177.17834852538  5.184907E-17
5179.18020039949  6.902651E-17
5181.1820522736  7.647929E-17
5183.18390414771  4.897333E-17
5185.18575602182  5.258157E-17
5187.18760789593  5.537502E-17
5189.18945977004  5.667102E-17
5191.19131164415  5.464389E-17
5193.19316351826  6.267727E-17
5195.19501539237  2.443226E-17
5197.19686726647  3.494930E-17
5199.19871914058  3.815419E-17
5201.20057101469  3.147215E-17
5203.2024228888  3.396772E-17
5205.20427476291  4.923512E-17
5207.20612663702  4.435043E-17
5209.20797851113  4.083912E-17
5211.20983038524  1.194958E-16
5213.21168225935  2.345825E-16
5215.21353413346  2.646802E-16
5217.21538600757  2.582087E-16
5219.21723788168  2.095569E-16
5221.21908975578  1.029273E-16
5223.2209416299  4.003061E-17
5225.222793504  3.408888E-17
5227.22464537811  5.284473E-17
5229.22649725222  4.568285E-17
5231.22834912633  5.439140E-17
5233.23020100044  4.271747E-17
5235.23205287455  3.748866E-17
5237.23390474866  6.371238E-17
5239.23575662277  4.300504E-17
5241.23760849688  4.318769E-17
5243.23946037099  4.626192E-17
5245.2413122451  5.101223E-17
5247.2431641192  5.521808E-17
5249.24501599331  4.724341E-17
5251.24686786742  5.574665E-17
5253.24871974153  3.769601E-17
5255.25057161564  2.419318E-17
5257.25242348975  3.679518E-17
5259.25427536386  3.871562E-17
5261.25612723797  5.223888E-17
5263.25797911208  3.953446E-17
5265.25983098619  4.126696E-17
5267.2616828603  3.881522E-17
5269.26353473441  5.050054E-17
5271.26538660851  3.632101E-17
5273.26723848262  4.028229E-17
5275.26909035673  4.386678E-17
5277.27094223084  3.362133E-17
5279.27279410495  2.982016E-17
5281.27464597906  3.048280E-17
5283.27649785317  4.495254E-17
5285.27834972728  3.651965E-17
5287.28020160139  5.384189E-17
5289.2820534755  3.261600E-17
5291.28390534961  3.886802E-17
5293.28575722372  4.137783E-17
5295.28760909783  4.880796E-17
5297.28946097193  3.966676E-17
5299.29131284604  4.501007E-17
5301.29316472015  5.503646E-17
5303.29501659426  4.393254E-17
5305.29686846837  5.127642E-17
5307.29872034248  3.828557E-17
5309.30057221659  4.187279E-17
5311.3024240907  5.420818E-17
5313.30427596481  4.526094E-17
5315.30612783892  3.039946E-17
5317.30797971303  4.729052E-17
5319.30983158714  4.818619E-17
5321.31168346125  3.611969E-17
5323.31353533535  3.697719E-17
5325.31538720946  4.496168E-17
5327.31723908357  3.518842E-17
5329.31909095768  4.323084E-17
5331.32094283179  3.396813E-17
5333.3227947059  2.402183E-17
5335.32464658001  3.478812E-17
5337.32649845412  3.709137E-17
5339.32835032823  4.790887E-17
5341.33020220234  3.152047E-17
5343.33205407645  4.494567E-17
5345.33390595055  4.590471E-17
5347.33575782467  4.676769E-17
5349.33760969877  3.183142E-17
5351.33946157288  3.202681E-17
5353.34131344699  4.374524E-17
5355.3431653211  4.267506E-17
5357.34501719521  4.586916E-17
5359.34686906932  4.458862E-17
5361.34872094343  3.595006E-17
5363.35057281754  2.668179E-17
5365.35242469165  2.960719E-17
5367.35427656576  4.382309E-17
5369.35612843987  4.413687E-17
5371.35798031398  5.119223E-17
5373.35983218808  3.752958E-17
5375.36168406219  3.065015E-17
5377.3635359363  5.209736E-17
5379.36538781041  4.758750E-17
5381.36723968452  3.918333E-17
5383.36909155863  4.377030E-17
5385.37094343274  5.049743E-17
5387.37279530685  4.808220E-17
5389.37464718096  3.484324E-17
5391.37649905507  2.706806E-17
5393.37835092918  3.905494E-17
5395.38020280328  5.139201E-17
5397.38205467739  4.812064E-17
5399.3839065515  5.244880E-17
5401.38575842561  4.969693E-17
5403.38761029972  4.441394E-17
5405.38946217383  2.959748E-17
5407.39131404794  3.166345E-17
5409.39316592205  3.736551E-17
5411.39501779616  5.253166E-17
5413.39686967027  3.825301E-17
5415.39872154438  3.487750E-17
5417.40057341849  7.182408E-17
5419.4024252926  6.330209E-17
5421.40427716671  3.191822E-17
5423.40612904081  3.048805E-17
5425.40798091492  4.898939E-17
5427.40983278903  1.940461E-17
5429.41168466314  3.752912E-17
5431.41353653725  4.588311E-17
5433.41538841136  4.297912E-17
5435.41724028547  2.797014E-17
5437.41909215958  5.299808E-17
5439.42094403369  5.147907E-17
5441.4227959078  4.242390E-17
5443.42464778191  3.815643E-17
5445.42649965601  3.111525E-17
5447.42835153012  4.637494E-17
5449.43020340423  5.016098E-17
5451.43205527834  5.163752E-17
5453.43390715245  3.665002E-17
5455.43575902656  2.437829E-17
5457.43761090067  3.968695E-17
5459.43946277478  3.912484E-17
5461.44131464889  4.777516E-17
5463.443166523  5.101157E-17
5465.44501839711  2.666133E-17
5467.44687027122  3.176128E-17
5469.44872214533  3.673659E-17
5471.45057401943  3.339460E-17
5473.45242589354  2.781261E-17
5475.45427776765  2.986538E-17
5477.45612964176  3.711171E-17
5479.45798151587  4.597927E-17
5481.45983338998  5.873293E-17
5483.46168526409  4.604732E-17
5485.4635371382  4.199466E-17
5487.46538901231  5.412767E-17
5489.46724088642  4.909161E-17
5491.46909276053  3.862707E-17
5493.47094463464  4.433503E-17
5495.47279650874  5.120476E-17
5497.47464838285  3.882316E-17
5499.47650025696  4.693257E-17
5501.47835213107  4.177495E-17
5503.48020400518  3.485311E-17
5505.48205587929  5.546793E-17
5507.4839077534  3.922125E-17
5509.48575962751  3.230807E-17
5511.48761150162  2.587344E-17
5513.48946337573  3.598428E-17
5515.49131524984  2.952683E-17
5517.49316712395  5.712936E-17
5519.49501899806  3.531822E-17
5521.49687087216  2.002491E-17
5523.49872274627  4.050796E-17
5525.50057462038  3.549363E-17
5527.50242649449  3.871183E-17
5529.5042783686  2.817608E-17
5531.50613024271  4.113275E-17
5533.50798211682  5.248844E-17
5535.50983399093  3.431965E-17
5537.51168586504  4.326310E-17
5539.51353773915  4.844316E-17
5541.51538961326  3.539738E-17
5543.51724148737  2.907312E-17
5545.51909336148  3.251602E-17
5547.52094523558  3.546413E-17
5549.52279710969  2.250848E-17
5551.5246489838  3.964510E-17
5553.52650085791  3.415576E-17
5555.52835273202  2.683682E-17
5557.53020460613  3.941206E-17
5559.53205648024  3.602878E-17
5561.53390835435  4.040085E-17
5563.53576022846  3.913728E-17
5565.53761210257  2.147952E-17
5567.53946397668  3.829058E-17
5569.54131585079  6.293408E-17
5571.5431677249  4.865029E-17
5573.545019599  4.056020E-17
5575.54687147311  5.196346E-17
5577.54872334722  4.577765E-17
5579.55057522133  3.520367E-17
5581.55242709544  3.626426E-17
5583.55427896955  3.732997E-17
5585.55613084366  3.602608E-17
5587.55798271777  3.893088E-17
5589.55983459188  4.214697E-17
5591.56168646599  4.852641E-17
5593.5635383401  5.241694E-17
5595.5653902142  2.831123E-17
5597.56724208832  4.020082E-17
5599.56909396242  3.958846E-17
5601.57094583653  3.125514E-17
5603.57279771064  5.077120E-17
5605.57464958475  4.392522E-17
5607.57650145886  3.749687E-17
5609.57835333297  3.463370E-17
5611.58020520708  4.368352E-17
5613.58205708119  5.742374E-17
5615.5839089553  2.520416E-17
5617.58576082941  4.276472E-17
5619.58761270352  5.274212E-17
5621.58946457762  4.689624E-17
5623.59131645173  3.555451E-17
5625.59316832584  3.362198E-17
5627.59502019995  3.899655E-17
5629.59687207406  4.057086E-17
5631.59872394817  3.617805E-17
5633.60057582228  4.501295E-17
5635.60242769639  3.707538E-17
5637.6042795705  4.238869E-17
5639.60613144461  4.848474E-17
5641.60798331872  2.820726E-17
5643.60983519283  3.440672E-17
5645.61168706694  4.140775E-17
5647.61353894104  3.655476E-17
5649.61539081515  4.396117E-17
5651.61724268926  4.044412E-17
5653.61909456337  2.921432E-17
5655.62094643748  3.164814E-17
5657.62279831159  3.773250E-17
5659.6246501857  3.051639E-17
5661.62650205981  3.638173E-17
5663.62835393392  4.240234E-17
5665.63020580803  3.610588E-17
5667.63205768214  3.729803E-17
5669.63390955625  4.143854E-17
5671.63576143036  3.899913E-17
5673.63761330446  3.085736E-17
5675.63946517857  3.594317E-17
5677.64131705268  2.981339E-17
5679.64316892679  3.877889E-17
5681.6450208009  3.561703E-17
5683.64687267501  3.841558E-17
5685.64872454912  2.743082E-17
5687.65057642323  4.507585E-17
5689.65242829734  5.021366E-17
5691.65428017145  3.935689E-17
5693.65613204556  3.652018E-17
5695.65798391966  4.146255E-17
5697.65983579377  4.226109E-17
5699.66168766788  3.416466E-17
5701.66353954199  3.350444E-17
5703.6653914161  4.577377E-17
5705.66724329021  4.248220E-17
5707.66909516432  3.189892E-17
5709.67094703843  3.351975E-17
5711.67279891254  2.359043E-17
5713.67465078665  2.848864E-17
5715.67650266076  4.427887E-17
5717.67835453487  2.611606E-17
5719.68020640898  2.823537E-17
5721.68205828308  4.145796E-17
5723.68391015719  3.798121E-17
5725.6857620313  3.460712E-17
5727.68761390541  3.878924E-17
5729.68946577952  3.774434E-17
5731.69131765363  4.240904E-17
5733.69316952774  3.756587E-17
5735.69502140185  3.477206E-17
5737.69687327596  4.783420E-17
5739.69872515007  3.869949E-17
5741.70057702418  4.075682E-17
5743.70242889829  3.279350E-17
5745.7042807724  4.920102E-17
5747.7061326465  5.248622E-17
5749.70798452061  4.363849E-17
5751.70983639472  3.823351E-17
5753.71168826883  4.524612E-17
5755.71354014294  3.598476E-17
5757.71539201705  2.698385E-17
5759.71724389116  3.683434E-17
5761.71909576527  3.651217E-17
5763.72094763938  3.497277E-17
5765.72279951349  5.041329E-17
5767.7246513876  5.426409E-17
5769.72650326171  4.838987E-17
5771.72835513581  5.081609E-17
5773.73020700992  5.062071E-17
5775.73205888403  5.576472E-17
5777.73391075814  4.471979E-17
5779.73576263225  3.829360E-17
5781.73761450636  4.977509E-17
5783.73946638047  3.801518E-17
5785.74131825458  2.667698E-17
5787.74317012869  3.342905E-17
5789.7450220028  3.908793E-17
5791.74687387691  3.777997E-17
5793.74872575102  3.485927E-17
5795.75057762512  4.221210E-17
5797.75242949923  4.527400E-17
5799.75428137334  3.818607E-17
5801.75613324745  2.542351E-17
5803.75798512156  2.932169E-17
5805.75983699567  4.115435E-17
5807.76168886978  4.041544E-17
5809.76354074389  4.194614E-17
5811.765392618  4.751951E-17
5813.76724449211  4.236282E-17
5815.76909636622  3.068186E-17
5817.77094824033  3.297657E-17
5819.77280011444  4.277871E-17
5821.77465198854  4.020941E-17
5823.77650386265  3.194363E-17
5825.77835573676  3.750941E-17
5827.78020761087  4.497548E-17
5829.78205948498  3.142468E-17
5831.78391135909  2.976601E-17
5833.7857632332  3.493675E-17
5835.78761510731  2.623896E-17
5837.78946698142  4.805687E-17
5839.79131885553  4.851932E-17
5841.79317072964  4.385577E-17
5843.79502260375  4.639297E-17
5845.79687447785  3.649326E-17
5847.79872635196  4.240507E-17
5849.80057822607  3.487830E-17
5851.80243010018  3.773350E-17
5853.80428197429  2.157540E-17
5855.8061338484  3.909923E-17
5857.80798572251  4.158248E-17
5859.80983759662  5.580980E-17
5861.81168947073  4.891523E-17
5863.81354134484  2.891048E-17
5865.81539321895  3.208799E-17
5867.81724509306  4.445507E-17
5869.81909696716  5.122861E-17
5871.82094884127  4.557649E-17
5873.82280071538  3.671757E-17
5875.82465258949  4.107151E-17
5877.8265044636  4.089313E-17
5879.82835633771  3.277688E-17
5881.83020821182  3.571519E-17
5883.83206008593  4.030335E-17
5885.83391196004  4.846583E-17
5887.83576383415  5.903037E-17
5889.83761570826  6.437936E-17
5891.83946758237  3.287378E-17
5893.84131945648  3.846481E-18
5895.84317133058  1.952577E-17
5897.84502320469  2.536292E-17
5899.8468750788  4.662913E-17
5901.84872695291  4.669886E-17
5903.85057882702  4.778056E-17
5905.85243070113  2.210884E-17
5907.85428257524  4.516725E-17
5909.85613444935  4.724034E-17
5911.85798632346  5.083337E-17
5913.85983819757  4.370889E-17
5915.86169007168  3.400382E-17
5917.86354194579  3.410519E-17
5919.86539381989  2.842583E-17
5921.867245694  3.901256E-17
5923.86909756811  4.491487E-17
5925.87094944222  5.161928E-17
5927.87280131633  5.091099E-17
5929.87465319044  4.165491E-17
5931.87650506455  5.195833E-17
5933.87835693866  4.239268E-17
5935.88020881277  4.396818E-17
5937.88206068688  3.806458E-17
5939.88391256099  3.881496E-17
5941.8857644351  5.276403E-17
5943.88761630921  3.473747E-17
5945.88946818331  3.751988E-17
5947.89132005742  5.286495E-17
5949.89317193153  4.300173E-17
5951.89502380564  4.475368E-17
5953.89687567975  3.410010E-17
5955.89872755386  3.323070E-17
5957.90057942797  4.548711E-17
5959.90243130208  2.417045E-17
5961.90428317619  4.551823E-17
5963.9061350503  4.989804E-17
5965.90798692441  4.658483E-17
5967.90983879852  3.739389E-17
5969.91169067262  3.146692E-17
5971.91354254673  2.342030E-17
5973.91539442084  2.598848E-17
5975.91724629495  3.130049E-17
5977.91909816906  3.558329E-17
5979.92095004317  3.653639E-17
5981.92280191728  2.788822E-17
5983.92465379139  4.393626E-17
5985.9265056655  4.603866E-17
5987.92835753961  3.784167E-17
5989.93020941372  3.758699E-17
5991.93206128783  4.271995E-17
5993.93391316194  2.671852E-17
5995.93576503604  3.321080E-17
5997.93761691015  4.818923E-17
5999.93946878426  4.907942E-17
6001.94132065837  3.641773E-17
6003.94317253248  3.330401E-17
6005.94502440659  3.927460E-17
6007.9468762807  3.261774E-17
6009.94872815481  3.598828E-17
6011.95058002892  3.610915E-17
6013.95243190303  3.297930E-17
6015.95428377714  2.857080E-17
6017.95613565125  3.836725E-17
6019.95798752536  3.789099E-17
6021.95983939946  3.438721E-17
6023.96169127357  3.379879E-17
6025.96354314768  3.559384E-17
6027.96539502179  4.469089E-17
6029.9672468959  3.728111E-17
6031.96909877001  3.701181E-17
6033.97095064412  4.794544E-17
6035.97280251823  3.456419E-17
6037.97465439234  3.335295E-17
6039.97650626645  3.110604E-17
6041.97835814056  3.513233E-17
6043.98021001467  5.451672E-17
6045.98206188877  4.850881E-17
6047.98391376288  4.038150E-17
6049.98576563699  3.144230E-17
6051.9876175111  3.225389E-17
6053.98946938521  2.998877E-17
6055.99132125932  3.470486E-17
6057.99317313343  3.399601E-17
6059.99502500754  4.122961E-17
6061.99687688165  3.358537E-17
6063.99872875576  3.863671E-17
6066.00058062987  2.421813E-17
6068.00243250398  3.197893E-17
6070.00428437808  3.504952E-17
6072.00613625219  4.230380E-17
6074.0079881263  4.373895E-17
6076.00984000041  3.685824E-17
6078.01169187452  4.039826E-17
6080.01354374863  3.756790E-17
6082.01539562274  4.567419E-17
6084.01724749685  3.877542E-17
6086.01909937096  4.037043E-17
6088.02095124507  4.525135E-17
6090.02280311918  3.535406E-17
6092.02465499329  2.885667E-17
6094.0265068674  2.878097E-17
6096.0283587415  2.800382E-17
6098.03021061561  4.411817E-17
6100.03206248972  2.905385E-17
6102.03391436383  2.117209E-17
6104.03576623794  2.390828E-17
6106.03761811205  1.665708E-17
6108.03946998616  2.608497E-17
6110.04132186027  4.348304E-17
6112.04317373438  3.609192E-17
6114.04502560849  3.727371E-17
6116.0468774826  4.270601E-17
6118.04872935671  4.065846E-17
6120.05058123082  4.682068E-17
6122.05243310492  5.092129E-17
6124.05428497903  5.225366E-17
6126.05613685314  4.052978E-17
6128.05798872725  2.448710E-17
6130.05984060136  3.179093E-17
6132.06169247547  3.415535E-17
6134.06354434958  3.084264E-17
6136.06539622369  3.841410E-17
6138.0672480978  4.466060E-17
6140.06909997191  2.912229E-17
6142.07095184602  2.679735E-17
6144.07280372013  3.260143E-17
6146.07465559424  4.208167E-17
6148.07650746834  3.326273E-17
6150.07835934245  2.833846E-17
6152.08021121656  5.331314E-17
6154.08206309067  2.534095E-17
6156.08391496478  4.140963E-17
6158.08576683889  4.437858E-17
6160.087618713  2.988136E-17
6162.08947058711  2.698541E-17
6164.09132246122  2.881649E-17
6166.09317433533  3.418685E-17
6168.09502620944  4.078593E-17
6170.09687808354  3.271286E-17
6172.09872995766  2.689542E-17
6174.10058183176  4.142855E-17
6176.10243370587  3.895085E-17
6178.10428557998  2.829452E-17
6180.10613745409  4.593813E-17
6182.1079893282  4.938321E-17
6184.10984120231  3.372845E-17
6186.11169307642  3.362282E-17
6188.11354495053  4.104799E-17
6190.11539682464  3.196266E-17
6192.11724869875  3.214433E-17
6194.11910057285  3.839049E-17
6196.12095244697  2.952513E-17
6198.12280432108  3.197463E-17
6200.12465619518  2.426845E-17
6202.12650806929  3.040360E-17
6204.1283599434  2.392231E-17
6206.13021181751  3.746801E-17
6208.13206369162  4.538762E-17
6210.13391556573  4.094415E-17
6212.13576743984  2.451532E-17
6214.13761931395  3.123990E-17
6216.13947118806  3.120892E-17
6218.14132306217  3.233350E-17
6220.14317493627  2.919492E-17
6222.14502681038  2.873564E-17
6224.1468786845  3.359003E-17
6226.1487305586  2.591591E-17
6228.15058243271  3.614081E-17
6230.15243430682  3.953858E-17
6232.15428618093  3.469932E-17
6234.15613805504  3.166511E-17
6236.15798992915  3.771289E-17
6238.15984180326  4.860492E-17
6240.16169367737  5.178640E-17
6242.16354555148  4.560840E-17
6244.16539742559  3.801751E-17
6246.16724929969  1.962127E-17
6248.1691011738  3.679741E-17
6250.17095304791  3.618954E-17
6252.17280492202  4.041689E-17
6254.17465679613  4.230081E-17
6256.17650867024  2.809197E-17
6258.17836054435  3.504245E-17
6260.18021241846  4.009682E-17
6262.18206429257  4.041290E-17
6264.18391616668  3.161947E-17
6266.18576804079  2.822842E-17
6268.1876199149  3.383611E-17
6270.18947178901  4.139476E-17
6272.19132366311  3.113048E-17
6274.19317553722  2.070094E-17
6276.19502741133  3.159578E-17
6278.19687928544  2.611079E-17
6280.19873115955  3.088951E-17
6282.20058303366  3.937332E-17
6284.20243490777  3.484146E-17
6286.20428678188  4.133363E-17
6288.20613865599  3.971180E-17
6290.2079905301  2.693856E-17
6292.20984240421  2.931305E-17
6294.21169427832  2.764916E-17
6296.21354615243  3.176225E-17
6298.21539802653  2.153748E-17
6300.21724990064  3.093956E-17
6302.21910177475  3.922699E-17
6304.22095364886  2.163454E-17
6306.22280552297  2.078503E-17
6308.22465739708  4.492438E-17
6310.22650927119  3.961695E-17
6312.2283611453  1.925526E-17
6314.23021301941  3.195908E-17
6316.23206489352  3.869433E-17
6318.23391676763  3.486424E-17
6320.23576864174  3.332143E-17
6322.23762051585  2.905692E-17
6324.23947238995  3.987553E-17
6326.24132426406  4.458480E-17
6328.24317613817  4.391761E-17
6330.24502801228  4.659665E-17
6332.24687988639  2.716658E-17
6334.2487317605  3.159719E-17
6336.25058363461  2.103918E-17
6338.25243550872  2.126860E-17
6340.25428738283  3.425587E-17
6342.25613925694  3.365546E-17
6344.25799113105  1.060611E-17
6346.25984300516  7.819993E-18
6348.26169487926  1.996812E-17
6350.26354675337  1.266714E-17
6352.26539862748  2.799709E-17
6354.26725050159  4.429866E-17
6356.2691023757  3.997414E-17
6358.27095424981  2.266196E-17
6360.27280612392  2.668231E-17
6362.27465799803  3.879342E-17
6364.27650987214  2.821457E-17
6366.27836174625  2.933218E-17
6368.28021362036  4.042000E-17
6370.28206549446  3.204951E-17
6372.28391736858  2.576874E-17
6374.28576924268  2.862952E-17
6376.28762111679  3.101117E-17
6378.2894729909  3.244138E-17
6380.29132486501  3.009777E-17
6382.29317673912  3.436677E-17
6384.29502861323  3.113729E-17
6386.29688048734  2.598631E-17
6388.29873236145  2.901290E-17
6390.30058423556  3.330031E-17
6392.30243610967  2.933829E-17
6394.30428798378  2.958206E-17
6396.30613985789  3.058211E-17
6398.30799173199  2.572477E-17
6400.30984360611  2.924791E-17
6402.31169548021  2.960426E-17
6404.31354735432  2.809161E-17
6406.31539922843  2.567873E-17
6408.31725110254  3.324772E-17
6410.31910297665  4.280327E-17
6412.32095485076  3.449373E-17
6414.32280672487  3.422842E-17
6416.32465859898  3.495093E-17
6418.32651047308  3.054597E-17
6420.32836234719  3.487348E-17
6422.3302142213  3.436085E-17
6424.33206609541  2.670832E-17
6426.33391796953  3.150844E-17
6428.33576984363  3.478068E-17
6430.33762171774  2.419868E-17
6432.33947359185  2.783171E-17
6434.34132546596  3.768764E-17
6436.34317734007  3.083912E-17
6438.34502921418  3.176427E-17
6440.34688108829  3.917930E-17
6442.3487329624  2.442235E-17
6444.3505848365  3.455827E-17
6446.35243671061  3.775836E-17
6448.35428858472  3.666879E-17
6450.35614045883  2.097690E-17
6452.35799233294  3.275710E-17
6454.35984420705  3.102593E-17
6456.36169608116  3.725396E-17
6458.36354795527  3.193622E-17
6460.36539982938  3.629012E-17
6462.36725170349  4.585913E-17
6464.3691035776  3.479790E-17
6466.37095545171  3.718412E-17
6468.37280732582  4.192876E-17
6470.37465919992  5.075771E-17
6472.37651107403  5.123368E-17
6474.37836294814  3.578741E-17
6476.38021482225  3.260215E-17
6478.38206669636  3.472381E-17
6480.38391857047  2.846964E-17
6482.38577044458  2.974459E-17
6484.38762231869  3.880708E-17
6486.3894741928  3.703759E-17
6488.39132606691  3.278466E-17
6490.39317794102  2.851332E-17
6492.39502981513  2.651689E-17
6494.39688168924  3.666806E-17
6496.39873356334  2.795612E-17
6498.40058543745  3.023460E-17
6500.40243731156  4.281328E-17
6502.40428918567  3.957502E-17
6504.40614105978  2.439649E-17
6506.40799293389  2.257334E-17
6508.409844808  3.844588E-17
6510.41169668211  2.562970E-17
6512.41354855622  3.727595E-17
6514.41540043033  3.432775E-17
6516.41725230444  2.689318E-17
6518.41910417855  1.812423E-17
6520.42095605266  2.004284E-17
6522.42280792676  2.987277E-17
6524.42465980087  2.009480E-17
6526.42651167498  2.123724E-17
6528.42836354909  2.787988E-17
6530.4302154232  2.591348E-17
6532.43206729731  4.259283E-17
6534.43391917142  3.299983E-17
6536.43577104553  1.928945E-17
6538.43762291964  3.510043E-17
6540.43947479375  2.267805E-17
6542.44132666786  2.219516E-17
6544.44317854197  1.627842E-17
6546.44503041608  2.080989E-17
6548.44688229018  3.255060E-17
6550.44873416429  3.444634E-17
6552.4505860384  1.911894E-17
6554.45243791251  3.354185E-17
6556.45428978662  5.074567E-17
6558.45614166073  2.951839E-17
6560.45799353484  3.066378E-17
6562.45984540895  2.723314E-17
6564.46169728306  3.340823E-17
6566.46354915717  4.160038E-17
6568.46540103128  2.465361E-17
6570.46725290539  3.433754E-17
6572.4691047795  3.498256E-17
6574.4709566536  1.733052E-17
6576.47280852771  2.985101E-17
6578.47466040182  3.113790E-17
6580.47651227593  2.561092E-17
6582.47836415004  3.517428E-17
6584.48021602415  3.765185E-17
6586.48206789826  2.841681E-17
6588.48391977237  2.371706E-17
6590.48577164648  2.700938E-17
6592.48762352059  2.826483E-17
6594.4894753947  2.924349E-17
6596.49132726881  3.813977E-17
6598.49317914291  3.979426E-17
6600.49503101702  2.766158E-17
6602.49688289113  3.166783E-17
6604.49873476524  3.758884E-17
6606.50058663935  2.748721E-17
6608.50243851346  2.868255E-17
6610.50429038757  1.653071E-17
6612.50614226168  2.099000E-17
6614.50799413579  1.513960E-17
6616.5098460099  1.769632E-17
6618.51169788401  3.313252E-17
6620.51354975812  3.918400E-17
6622.51540163223  2.457888E-17
6624.51725350634  2.795444E-17
6626.51910538044  3.131862E-17
6628.52095725455  3.280929E-17
6630.52280912866  3.537209E-17
6632.52466100277  3.545612E-17
6634.52651287688  2.507661E-17
6636.52836475099  3.327418E-17
6638.5302166251  2.732150E-17
6640.53206849921  3.504730E-17
6642.53392037332  2.785759E-17
6644.53577224743  2.337941E-17
6646.53762412154  3.274260E-17
6648.53947599564  3.863046E-17
6650.54132786975  3.894687E-17
6652.54317974386  2.913179E-17
6654.54503161797  3.474472E-17
6656.54688349208  3.553545E-17
6658.54873536619  2.546424E-17
6660.5505872403  3.310242E-17
6662.55243911441  3.787408E-17
6664.55429098852  3.889401E-17
6666.55614286263  3.080455E-17
6668.55799473674  2.582517E-17
6670.55984661085  3.217181E-17
6672.56169848496  3.020968E-17
6674.56355035907  2.534854E-17
6676.56540223317  2.364165E-17
6678.56725410728  2.659992E-17
6680.56910598139  3.273432E-17
6682.5709578555  3.237111E-17
6684.57280972961  1.991383E-17
6686.57466160372  3.490433E-17
6688.57651347783  2.416947E-17
6690.57836535194  2.634632E-17
6692.58021722605  3.672942E-17
6694.58206910016  3.334427E-17
6696.58392097427  2.682446E-17
6698.58577284837  2.440419E-17
6700.58762472248  2.612412E-17
6702.58947659659  3.187745E-17
6704.5913284707  3.127994E-17
6706.59318034481  2.092059E-17
6708.59503221892  3.222477E-17
6710.59688409303  3.693436E-17
6712.59873596714  3.793995E-17
6714.60058784125  3.235408E-17
6716.60243971536  2.165133E-17
6718.60429158947  2.096189E-17
6720.60614346358  2.038582E-17
6722.60799533769  2.951743E-17
6724.60984721179  2.949507E-17
6726.6116990859  2.819770E-17
6728.61355096001  3.804497E-17
6730.61540283412  3.080270E-17
6732.61725470823  1.917332E-17
6734.61910658234  2.671561E-17
6736.62095845645  3.213023E-17
6738.62281033056  2.451446E-17
6740.62466220467  3.759590E-17
6742.62651407878  2.376839E-17
6744.62836595289  3.058507E-17
6746.63021782699  3.356667E-17
6748.6320697011  3.040817E-17
6750.63392157521  1.939185E-17
6752.63577344932  3.308525E-17
6754.63762532343  2.888614E-17
6756.63947719754  2.179217E-17
6758.64132907165  2.292496E-17
6760.64318094576  2.753543E-17
6762.64503281987  1.740247E-17
6764.64688469398  2.201337E-17
6766.64873656809  2.929647E-17
6768.6505884422  3.092649E-17
6770.65244031631  3.730554E-17
6772.65429219042  3.573069E-17
6774.65614406452  4.459962E-17
6776.65799593863  3.772096E-17
6778.65984781274  2.117657E-17
6780.66169968685  2.157974E-17
6782.66355156096  2.681978E-17
6784.66540343507  3.284298E-17
6786.66725530918  2.299908E-17
6788.66910718329  1.908117E-17
6790.6709590574  2.232330E-17
6792.67281093151  1.854649E-17
6794.67466280562  2.851606E-17
6796.67651467973  3.751715E-17
6798.67836655383  3.200661E-17
6800.68021842794  2.619832E-17
6802.68207030205  2.913245E-17
6804.68392217616  2.599836E-17
6806.68577405027  3.219992E-17
6808.68762592438  3.663550E-17
6810.68947779849  2.548350E-17
6812.6913296726  3.400132E-17
6814.69318154671  3.747519E-17
6816.69503342082  1.753934E-17
6818.69688529493  3.394060E-17
6820.69873716903  3.732384E-17
6822.70058904315  3.741215E-17
6824.70244091725  3.533304E-17
6826.70429279136  3.929680E-17
6828.70614466547  2.640035E-17
6830.70799653958  7.125385E-17
6832.70984841369  1.994443E-16
6834.7117002878  2.403090E-16
6836.71355216191  2.355029E-16
6838.71540403602  2.167730E-16
6840.71725591013  1.605533E-16
6842.71910778424  6.079674E-17
6844.72095965835  3.274221E-17
6846.72281153245  3.181084E-17
6848.72466340656  4.138820E-17
6850.72651528067  3.312048E-17
6852.72836715478  3.752329E-17
6854.73021902889  5.148706E-17
6856.732070903  6.158805E-17
6858.73392277711  6.913467E-17
6860.73577465122  6.027730E-17
6862.73762652533  3.343321E-17
6864.73947839944  3.012053E-17
6866.74133027355  3.906624E-17
6868.74318214766  2.877252E-17
6870.74503402177  1.252720E-17
6872.74688589587  2.247983E-17
6874.74873776999  3.048461E-17
6876.75058964409  3.576162E-17
6878.7524415182  3.311015E-17
6880.75429339231  1.985771E-17
6882.75614526642  3.083366E-17
6884.75799714053  4.078060E-17
6886.75984901464  3.037255E-17
6888.76170088875  2.944418E-17
6890.76355276286  3.588276E-17
6892.76540463697  2.091901E-17
6894.76725651108  2.738917E-17
6896.76910838518  3.231889E-17
6898.77096025929  4.020696E-17
6900.7728121334  2.952945E-17
6902.77466400751  2.621354E-17
6904.77651588162  3.844998E-17
6906.77836775573  2.816485E-17
6908.78021962984  2.173219E-17
6910.78207150395  2.956134E-17
6912.78392337806  2.919967E-17
6914.78577525217  4.474811E-17
6916.78762712628  2.986608E-17
6918.78947900039  2.772767E-17
6920.7913308745  4.173999E-17
6922.7931827486  2.994855E-17
6924.79503462271  2.688549E-17
6926.79688649682  2.979782E-17
6928.79873837093  3.409382E-17
6930.80059024504  3.134037E-17
6932.80244211915  1.653421E-17
6934.80429399326  3.478305E-17
6936.80614586737  3.396344E-17
6938.80799774148  2.499593E-17
6940.80984961559  2.864923E-17
6942.8117014897  3.259640E-17
6944.81355336381  1.146271E-17
6946.81540523792  2.479658E-17
6948.81725711202  3.612913E-17
6950.81910898613  2.301017E-17
6952.82096086024  1.841614E-17
6954.82281273435  1.827872E-17
6956.82466460846  2.896244E-17
6958.82651648257  3.031722E-17
6960.82836835668  3.080610E-17
6962.83022023079  2.342445E-17
6964.8320721049  2.490014E-17
6966.83392397901  2.978904E-17
6968.83577585312  3.225676E-17
6970.83762772723  3.668318E-17
6972.83947960134  2.789598E-17
6974.84133147544  2.098093E-17
6976.84318334955  3.457229E-17
6978.84503522366  3.184041E-17
6980.84688709777  2.685494E-17
6982.84873897188  3.945359E-17
6984.85059084599  2.507282E-17
6986.8524427201  2.268664E-17
6988.85429459421  3.637918E-17
6990.85614646832  3.539133E-17
6992.85799834243  4.747065E-17
6994.85985021654  5.197650E-17
6996.86170209064  6.158217E-17
6998.86355396476  7.154840E-17
7000.86540583886  4.954693E-17
7002.86725771297  3.559052E-17
7004.86910958708  3.316149E-17
7006.87096146119  4.117202E-17
7008.8728133353  5.591333E-17
7010.87466520941  5.725644E-17
7012.87651708352  4.959438E-17
7014.87836895763  4.151895E-17
7016.88022083174  4.418943E-17
7018.88207270585  3.348303E-17
7020.88392457996  3.160580E-17
7022.88577645407  2.545164E-17
7024.88762832817  2.234985E-17
7026.88948020228  3.294560E-17
7028.89133207639  3.674341E-17
7030.8931839505  3.404825E-17
7032.89503582461  3.835118E-17
7034.89688769872  3.850728E-17
7036.89873957283  2.807227E-17
7038.90059144694  3.759284E-17
7040.90244332105  3.342143E-17
7042.90429519516  3.346588E-17
7044.90614706927  3.541809E-17
7046.90799894337  2.171450E-17
7048.90985081748  2.756214E-17
7050.91170269159  2.034781E-17
7052.9135545657  3.764193E-17
7054.91540643981  2.541875E-17
7056.91725831392  1.570278E-17
7058.91911018803  1.593406E-17
7060.92096206214  3.250432E-17
7062.92281393625  3.202890E-17
7064.92466581036  3.701040E-17
7066.92651768447  3.653332E-17
7068.92836955858  3.302416E-17
7070.93022143269  2.854910E-17
7072.9320733068  2.265329E-17
7074.9339251809  2.008738E-17
7076.93577705501  3.458034E-17
7078.93762892912  4.539969E-17
7080.93948080323  2.640808E-17
7082.94133267734  4.335647E-17
7084.94318455145  2.863209E-17
7086.94503642556  3.486429E-17
7088.94688829967  3.861945E-17
7090.94874017378  3.375697E-17
7092.95059204789  4.486286E-17
7094.952443922  2.943827E-17
7096.9542957961  2.577236E-17
7098.95614767021  2.265547E-17
7100.95799954432  1.622635E-17
7102.95985141843  2.739627E-17
7104.96170329254  3.197658E-17
7106.96355516665  3.929776E-17
7108.96540704076  4.057832E-17
7110.96725891487  4.452898E-17
7112.96911078898  3.061813E-17
7114.97096266309  3.102056E-17
7116.9728145372  2.407536E-17
7118.97466641131  2.644494E-17
7120.97651828542  2.908552E-17
7122.97837015952  2.804241E-17
7124.98022203363  2.960650E-17
7126.98207390774  1.794130E-17
7128.98392578185  3.266224E-17
7130.98577765596  4.553136E-17
7132.98762953007  2.923021E-17
7134.98948140418  2.443578E-17
7136.99133327829  2.859740E-17
7138.9931851524  3.068827E-17
7140.99503702651  2.588309E-17
7142.99688890062  2.290250E-17
7144.99874077472  2.369037E-17
7147.00059264884  2.553302E-17
7149.00244452294  2.626664E-17
7151.00429639705  2.625359E-17
7153.00614827116  2.634388E-17
7155.00800014527  3.079037E-17
7157.00985201938  2.676141E-17
7159.01170389349  2.820271E-17
7161.0135557676  3.904063E-17
7163.01540764171  2.208519E-17
7165.01725951582  8.533907E-18
7167.01911138993  3.430229E-17
7169.02096326404  4.093265E-17
7171.02281513815  2.941753E-17
7173.02466701226  3.609147E-17
7175.02651888636  2.114095E-17
7177.02837076047  1.888395E-17
7179.03022263458  2.651688E-17
7181.03207450869  3.139239E-17
7183.0339263828  2.314780E-17
7185.03577825691  2.752881E-17
7187.03763013102  4.061343E-17
7189.03948200513  3.049739E-17
7191.04133387924  3.328712E-17
7193.04318575335  1.975187E-17
7195.04503762745  2.470404E-17
7197.04688950156  2.780678E-17
7199.04874137568  1.994605E-17
7201.05059324978  2.737554E-17
7203.05244512389  3.473688E-17
7205.054296998  3.134512E-17
7207.05614887211  2.315096E-17
7209.05800074622  2.214225E-17
7211.05985262033  1.571365E-17
7213.06170449444  1.621630E-17
7215.06355636855  7.571945E-18
7217.06540824266  2.178227E-17
7219.06726011677  3.251222E-17
7221.06911199088  2.309352E-17
7223.07096386498  3.091379E-17
7225.07281573909  2.981365E-17
7227.0746676132  1.925412E-17
7229.07651948731  2.877044E-17
7231.07837136142  3.928831E-17
7233.08022323553  3.058047E-17
7235.08207510964  2.860162E-17
7237.08392698375  2.808212E-17
7239.08577885786  2.619798E-17
7241.08763073197  2.161280E-17
7243.08948260608  3.759575E-17
7245.09133448019  3.960991E-17
7247.09318635429  3.769599E-17
7249.0950382284  3.057953E-17
7251.09689010252  1.283449E-17
7253.09874197662  2.493287E-17
7255.10059385073  3.395180E-17
7257.10244572484  3.961561E-17
7259.10429759895  3.586776E-17
7261.10614947306  1.600333E-17
7263.10800134717  1.999317E-17
7265.10985322128  2.397583E-17
7267.11170509539  2.447964E-17
7269.1135569695  3.974825E-17
7271.11540884361  4.275637E-17
7273.11726071771  2.859427E-17
7275.11911259182  9.350123E-18
